  fibonacci series generated by fortran 77 program
          1                                 1.                                 2.                                 2.
          2                                 2.                                 3.                                 3.
          3                                 3.                                 5.                                 5.
          4                                 5.                                 8.                                 8.
          5                                 8.                                13.                                13.
          6                                13.                                21.                                21.
          7                                21.                                34.                                34.
          8                                34.                                55.                                55.
          9                                55.                                89.                                89.
         10                                89.                               144.                               144.
         11                               144.                               233.                               233.
         12                               233.                               377.                               377.
         13                               377.                               610.                               610.
         14                               610.                               987.                               987.
         15                               987.                              1597.                              1597.
         16                              1597.                              2584.                              2584.
         17                              2584.                              4181.                              4181.
         18                              4181.                              6765.                              6765.
         19                              6765.                             10946.                             10946.
         20                             10946.                             17711.                             17711.
         21                             17711.                             28657.                             28657.
         22                             28657.                             46368.                             46368.
         23                             46368.                             75025.                             75025.
         24                             75025.                            121393.                            121393.
         25                            121393.                            196418.                            196418.
         26                            196418.                            317811.                            317811.
         27                            317811.                            514229.                            514229.
         28                            514229.                            832040.                            832040.
         29                            832040.                           1346269.                           1346269.
         30                           1346269.                           2178309.                           2178309.
         31                           2178309.                           3524578.                           3524578.
         32                           3524578.                           5702887.                           5702887.
         33                           5702887.                           9227465.                           9227465.
         34                           9227465.                          14930352.                          14930352.
         35                          14930352.                          24157816.                          24157816.
         36                          24157816.                          39088168.                          39088168.
         37                          39088168.                          63245984.                          63245984.
         38                          63245984.                         102334152.                         102334152.
         39                         102334152.                         165580128.                         165580128.
         40                         165580128.                         267914272.                         267914272.
         41                         267914272.                         433494400.                         433494400.
         42                         433494400.                         701408640.                         701408640.
         43                         701408640.                        1134903040.                        1134903040.
         44                        1134903040.                        1836311680.                        1836311680.
         45                        1836311680.                        2971214848.                        2971214848.
         46                        2971214848.                        4807526400.                        4807526400.
         47                        4807526400.                        7778741248.                        7778741248.
         48                        7778741248.                       12586267648.                       12586267648.
         49                       12586267648.                       20365008896.                       20365008896.
         50                       20365008896.                       32951275520.                       32951275520.
         51                       32951275520.                       53316284416.                       53316284416.
         52                       53316284416.                       86267559936.                       86267559936.
         53                       86267559936.                      139583848448.                      139583848448.
         54                      139583848448.                      225851408384.                      225851408384.
         55                      225851408384.                      365435256832.                      365435256832.
         56                      365435256832.                      591286632448.                      591286632448.
         57                      591286632448.                      956721922048.                      956721922048.
         58                      956721922048.                     1548008554496.                     1548008554496.
         59                     1548008554496.                     2504730345472.                     2504730345472.
         60                     2504730345472.                     4052738899968.                     4052738899968.
         61                     4052738899968.                     6557469245440.                     6557469245440.
         62                     6557469245440.                    10610208145408.                    10610208145408.
         63                    10610208145408.                    17167677390848.                    17167677390848.
         64                    17167677390848.                    27777885536256.                    27777885536256.
         65                    27777885536256.                    44945561878528.                    44945561878528.
         66                    44945561878528.                    72723443220480.                    72723443220480.
         67                    72723443220480.                   117669000904704.                   117669000904704.
         68                   117669000904704.                   190392444125184.                   190392444125184.
         69                   190392444125184.                   308061428252672.                   308061428252672.
         70                   308061428252672.                   498453872377856.                   498453872377856.
         71                   498453872377856.                   806515267076096.                   806515267076096.
         72                   806515267076096.                  1304969173008384.                  1304969173008384.
         73                  1304969173008384.                  2111484440084480.                  2111484440084480.
         74                  2111484440084480.                  3416453747310592.                  3416453747310592.
         75                  3416453747310592.                  5527938053177344.                  5527938053177344.
         76                  5527938053177344.                  8944391800487936.                  8944391800487936.
         77                  8944391800487936.                 14472330390536192.                 14472330390536192.
         78                 14472330390536192.                 23416722191024128.                 23416722191024128.
         79                 23416722191024128.                 37889050434076672.                 37889050434076672.
         80                 37889050434076672.                 61305770477617152.                 61305770477617152.
         81                 61305770477617152.                 99194820911693824.                 99194820911693824.
         82                 99194820911693824.                160500591389310976.                160500591389310976.
         83                160500591389310976.                259695403711070208.                259695403711070208.
         84                259695403711070208.                420195995100381184.                420195995100381184.
         85                420195995100381184.                679891398811451392.                679891398811451392.
         86                679891398811451392.               1100087359552094208.               1100087359552094208.
         87               1100087359552094208.               1779978758363545600.               1779978758363545600.
         88               1779978758363545600.               2880066255354593280.               2880066255354593280.
         89               2880066255354593280.               4660044738840231936.               4660044738840231936.
         90               4660044738840231936.               7540110994194825216.               7540110994194825216.
         91               7540110994194825216.              12200155733035057152.              12200155733035057152.
         92              12200155733035057152.              19740266727229882368.              19740266727229882368.
         93              19740266727229882368.              31940421360753311744.              31940421360753311744.
         94              31940421360753311744.              51680688087983194112.              51680688087983194112.
         95              51680688087983194112.              83621113846783016960.              83621113846783016960.
         96              83621113846783016960.             135301801934766211072.             135301801934766211072.
         97             135301801934766211072.             218922915781549228032.             218922915781549228032.
         98             218922915781549228032.             354224717716315439104.             354224717716315439104.
         99             354224717716315439104.             573147651090050711552.             573147651090050711552.
        100             573147651090050711552.             927372368806366150656.             927372368806366150656.


------------------
(program exited with code: 0)
Press return to continue


