 
 
 LISTING OF TRIAL RUNS FOR RANDOM NUMBER PACKAGE AHRENS/DIETER/KOHRT====================================
 
 
 
 1.)   0,1 -UNIFORM DISTRIBUTION:
 ********************************
 
 
   FIRST 100 SAMPLES:
   ..................
 
   0.154508E+00   0.688765E+00   0.799863E+00   0.190601E+00   0.791996E+00
   0.800496E+00   0.960159E+00   0.192117E+00   0.746994E+00   0.828039E+00
   0.820741E+00   0.508265E+00   0.577189E+00   0.250930E-01   0.468059E+00
   0.400800E+00   0.985600E+00   0.813425E+00   0.666494E+00   0.491301E+00
   0.939513E+00   0.826336E+00   0.669245E-01   0.956040E+00   0.429650E+00
   0.643138E-01   0.406167E+00   0.650973E+00   0.951713E-01   0.200347E-01
   0.131976E+00   0.236745E+00   0.848675E+00   0.803362E+00   0.280432E-01
   0.303687E+00   0.501196E+00   0.266346E+00   0.838996E+00   0.496819E+00
   0.387207E+00   0.128225E+00   0.895402E+00   0.640849E+00   0.989619E+00
   0.100426E+00   0.738765E+00   0.865170E+00   0.564778E+00   0.115603E-01
   0.746526E+00   0.728866E+00   0.767470E+00   0.932430E+00   0.757064E+00
   0.345704E+00   0.275917E+00   0.301023E+00   0.694696E+00   0.509143E+00
   0.416781E+00   0.475157E-01   0.194675E+00   0.817326E+00   0.790158E+00
   0.719271E+00   0.228193E+00   0.798087E+00   0.894583E+00   0.605839E+00
   0.727378E+00   0.339440E-01   0.752030E+00   0.863958E+00   0.210298E+00
   0.287104E+00   0.532908E+00   0.642555E+00   0.405956E+00   0.624463E+00
   0.181065E+00   0.207743E+00   0.879293E+00   0.542601E+00   0.387863E-01
   0.678214E-01   0.656188E+00   0.927895E-01   0.471794E+00   0.982798E-01
   0.848459E+00   0.598419E-02   0.494250E+00   0.666794E+00   0.278858E+00
   0.817830E+00   0.393750E+00   0.758226E+00   0.106077E+00   0.993659E+00
 
 
   TEST DATA:     (]BASED ON 10000 SAMPLES])
   ..........
                    MEAN           STD.DEV.       SKEWNESS       EXCESS
 
   TRUE VALUES:   0.500000E+00   0.288675E+00   0.000000E+00  -0.120000E+01
   SAMPLE DATA:   0.500587E+00   0.289325E+00   0.199926E-02  -0.119546E+01
 
 
 
 
 2.)  (STANDARD-) EXPONENTIAL DISTRIBUTION:
 ******************************************
 
 
   FIRST 100 SAMPLES:
   ..................
 
   0.162236E+01   0.377531E+00   0.599726E+00   0.191110E+01   0.583991E+00
   0.600993E+00   0.133165E+00   0.656078E+00   0.641482E+00   0.165308E-01
   0.154378E+00   0.407169E+01   0.970960E+00   0.626850E+00   0.332988E+00
   0.739536E+00   0.445789E-01   0.131782E+01   0.301946E+00   0.260218E+01
   0.374795E+01   0.144211E+01   0.194314E+01   0.367624E+01   0.758531E+00
   0.677993E+00   0.782026E+00   0.281698E+00   0.696097E-01   0.129555E+00
   0.463860E+01   0.493052E+00   0.457731E+00   0.534940E+00   0.239624E+00
   0.796817E+00   0.897241E+00   0.389392E+00   0.182855E-01   0.136027E+01
   0.329309E+01   0.194369E+01   0.634653E+00   0.580315E+00   0.438541E+00
   0.193949E+01   0.211677E+00   0.454756E+00   0.285880E+01   0.504060E+00
   0.145767E+00   0.658157E-01   0.285110E+00   0.131697E+01   0.248926E+00
   0.183481E+01   0.204823E+01   0.268846E-01   0.216458E+01   0.312377E+00
   0.256407E+01   0.761270E+00   0.538398E+01   0.886437E+00   0.126815E+01
   0.516453E+00   0.232643E+01   0.267349E+01   0.730224E+00   0.834100E+00
   0.447569E+01   0.439261E+00   0.585443E-01   0.952323E+00   0.184637E+01
   0.555509E+01   0.878412E+00   0.235081E+01   0.140924E+01   0.269049E+00
   0.811141E+00   0.150952E+01   0.147777E+01   0.177512E+00   0.121585E+00
   0.208780E+01   0.192791E-01   0.188495E+00   0.905265E+00   0.295623E+00
   0.238168E+01   0.318453E+00   0.259537E+00   0.471853E+00   0.233524E-01
   0.233708E+01   0.174523E+00   0.202852E+01   0.336107E+00   0.100197E+00
 
 
   TEST DATA:     (]BASED ON 10000 SAMPLES])
   ..........
                    MEAN           STD.DEV.       SKEWNESS       EXCESS
 
   TRUE VALUES:   0.100000E+01   0.100000E+01   0.200000E+01   0.600000E+01
   SAMPLE DATA:   0.100249E+01   0.100069E+01   0.194194E+01   0.534157E+01
 
 
 
 
 3.)  (STANDARD-) NORMAL DISTRIBUTION:
 ******************************************
 
 
   FIRST 100 SAMPLES:
   ..................
 
   0.355439E+00  -0.447798E+00  -0.784778E+00   0.453037E+00  -0.759555E+00
  -0.787070E+00  -0.157498E+01   0.457362E+00  -0.616801E+00  -0.886819E+00
  -0.859014E+00  -0.216916E+01   0.237269E-01   0.166782E+01   0.119922E+01
  -0.186856E+01   0.295694E+00   0.585095E+00  -0.963852E+00  -0.797440E+00
   0.311295E-01   0.798617E+00  -0.293325E+01  -0.927589E+00   0.201117E+01
   0.113301E+01   0.285741E+00  -0.116889E+01  -0.318650E+00  -0.189197E+01
  -0.591345E+00  -0.103181E+01  -0.123349E+00   0.228037E+01  -0.562589E+00
  -0.678796E+00  -0.138030E+01  -0.647116E+00   0.951041E+00   0.706823E+00
   0.788977E+00  -0.464722E+00  -0.219877E+01   0.798801E-01   0.464662E+00
  -0.846004E+00  -0.753202E+00  -0.533780E+00   0.560569E+00  -0.778351E+00
  -0.116429E+01  -0.228046E+00  -0.558124E+00   0.458660E-01  -0.631017E+00
  -0.102618E+01   0.508703E+00   0.742648E+00  -0.432580E-01  -0.323245E+00
   0.122820E+01  -0.276284E+00   0.427124E+00   0.501233E+00  -0.109286E+01
  -0.676562E-01   0.580537E-01   0.131094E+00  -0.359964E+00   0.194636E+00
   0.169430E+01  -0.962919E+00   0.254656E+01  -0.388329E+00   0.716577E+00
  -0.847923E+00   0.115960E+01  -0.650831E+00   0.228662E+00  -0.186937E+01
   0.996857E+00   0.211967E+00   0.150374E+01   0.949881E-01   0.191230E+00
   0.736196E+00   0.241091E+01   0.153853E+01  -0.120306E+01  -0.534861E+00
  -0.135255E+01   0.173279E+00  -0.348607E+00   0.836355E+00   0.431158E+00
   0.283435E+01   0.237273E+01   0.257936E+00   0.119627E+01   0.284795E+00
 
 
   TEST DATA:     (]BASED ON 10000 SAMPLES])
   ..........
                    MEAN           STD.DEV.       SKEWNESS       EXCESS
 
   TRUE VALUES:   0.000000E+00   0.100000E+01   0.000000E+00   0.000000E+00
   SAMPLE DATA:  -0.540793E-02   0.100771E+01  -0.222037E-01   0.199237E-01
 
 
 
 
 4.)  (STANDARD-) GAMMA-(A) DISTRIBUTION:
 ****************************************
                                               GAMMA-(A):  A = 0.100000E-03
                                               ----------------------------
   FIRST 100 SAMPLES:
   ..................
 
   0.000000E+00   0.000000E+00   0.000000E+00   0.000000E+00   0.000000E+00
   0.000000E+00   0.000000E+00   0.000000E+00   0.000000E+00   0.000000E+00
   0.000000E+00   0.000000E+00   0.000000E+00   0.000000E+00   0.000000E+00
   0.000000E+00   0.000000E+00   0.000000E+00   0.000000E+00   0.000000E+00
   0.000000E+00   0.000000E+00   0.000000E+00   0.000000E+00   0.000000E+00
   0.000000E+00   0.000000E+00   0.000000E+00   0.000000E+00   0.000000E+00
   0.000000E+00   0.000000E+00   0.000000E+00   0.000000E+00   0.000000E+00
   0.000000E+00   0.000000E+00   0.000000E+00   0.000000E+00   0.000000E+00
   0.000000E+00   0.000000E+00   0.000000E+00   0.000000E+00   0.000000E+00
   0.000000E+00   0.000000E+00   0.000000E+00   0.000000E+00   0.000000E+00
   0.000000E+00   0.167711E-09   0.000000E+00   0.000000E+00   0.000000E+00
   0.000000E+00   0.000000E+00   0.000000E+00   0.000000E+00   0.000000E+00
   0.000000E+00   0.000000E+00   0.000000E+00   0.000000E+00   0.000000E+00
   0.000000E+00   0.000000E+00   0.000000E+00   0.000000E+00   0.000000E+00
   0.000000E+00   0.000000E+00   0.000000E+00   0.000000E+00   0.000000E+00
   0.000000E+00   0.000000E+00   0.000000E+00   0.000000E+00   0.000000E+00
   0.000000E+00   0.000000E+00   0.000000E+00   0.000000E+00   0.000000E+00
   0.000000E+00   0.000000E+00   0.000000E+00   0.000000E+00   0.000000E+00
   0.000000E+00   0.000000E+00   0.000000E+00   0.000000E+00   0.000000E+00
   0.000000E+00   0.000000E+00   0.000000E+00   0.000000E+00   0.000000E+00
 
 
   TEST DATA:     (]BASED ON 10000 SAMPLES])
   ..........
                    MEAN           STD.DEV.       SKEWNESS       EXCESS
 
   TRUE VALUES:   0.100000E-03   0.100000E-01   0.200000E+03   0.600000E+05
   SAMPLE DATA:   0.604994E-04   0.357664E-02   0.624269E+02   0.400214E+04
 
 
 
                                               GAMMA-(A):  A = 0.250000E+00
                                               ----------------------------
   FIRST 100 SAMPLES:
   ..................
 
   0.810311E-03   0.581976E+00   0.559414E+00   0.174857E+01   0.442702E+00
   0.157803E+00   0.682409E-01   0.280561E+00   0.165020E+01   0.255326E+00
   0.229072E-06   0.446647E-02   0.715527E-02   0.866237E-01   0.384358E-03
   0.144617E-03   0.253935E-07   0.401266E+00   0.122032E+01   0.203077E-01
   0.116746E-01   0.955434E-01   0.724758E-05   0.380550E+00   0.191545E+00
   0.188754E-05   0.792161E+00   0.966056E-02   0.242373E+00   0.216207E+00
   0.264816E-02   0.300822E-04   0.105399E-03   0.182332E-08   0.341761E-01
   0.180020E-03   0.116399E-04   0.941181E-02   0.139620E-01   0.204291E-09
   0.725629E-02   0.270608E-03   0.158229E+00   0.230482E+00   0.552515E-03
   0.301078E-03   0.372269E-03   0.177302E+00   0.542740E-04   0.252473E-02
   0.130198E+00   0.120763E+00   0.164532E-02   0.605728E+00   0.124069E-02
   0.932401E-02   0.135324E+01   0.715510E-03   0.221599E-01   0.155865E+00
   0.234912E-03   0.970119E-02   0.300194E-08   0.987982E-03   0.748750E-01
   0.197964E+00   0.942654E+00   0.262263E+00   0.903253E+00   0.208393E-04
   0.187757E-06   0.164691E+01   0.661299E+00   0.972255E+00   0.315444E-09
   0.124732E+01   0.133159E+01   0.107968E-03   0.407729E-01   0.151604E-01
   0.880726E-03   0.121517E+00   0.415558E+00   0.266668E+00   0.230814E+01
   0.259001E+00   0.612636E+00   0.156447E+00   0.119213E-01   0.117689E-01
   0.273379E-02   0.200175E-02   0.218440E-01   0.587106E+00   0.226830E+00
   0.746272E-03   0.230206E-02   0.692026E-01   0.885078E-03   0.907372E-01
 
 
   TEST DATA:     (]BASED ON 10000 SAMPLES])
   ..........
                    MEAN           STD.DEV.       SKEWNESS       EXCESS
 
   TRUE VALUES:   0.250000E+00   0.500000E+00   0.400000E+01   0.240000E+02
   SAMPLE DATA:   0.250185E+00   0.492262E+00   0.380002E+01   0.207814E+02
 
 
 
                                               GAMMA-(A):  A = 0.500000E+00
                                               ----------------------------
   FIRST 100 SAMPLES:
   ..................
 
   0.334629E-01   0.896789E+00   0.236085E+01   0.466976E+00   0.307086E+00
   0.337853E+01   0.622661E+00   0.226249E+01   0.593999E+00   0.562631E-03
   0.994377E-01   0.345984E+00   0.230466E-01   0.141367E-01   0.114175E+01
   0.187326E-03   0.183260E+01   0.167520E+00   0.127016E+00   0.363361E+00
   0.316471E-02   0.725177E+00   0.161505E-02   0.113280E+01   0.578735E+00
   0.546604E+00   0.644752E-02   0.120686E-01   0.501960E-04   0.217320E+00
   0.157724E-01   0.401063E-02   0.114045E+00   0.138903E+00   0.168020E-04
   0.100137E+00   0.193379E-01   0.467606E+00   0.564360E+00   0.276318E-01
   0.203975E-01   0.494987E+00   0.161117E+01   0.866032E-02   0.590670E-01
   0.424170E+00   0.476829E-01   0.414066E-01   0.113511E+00   0.196552E+01
   0.314446E-01   0.174993E+00   0.464101E+00   0.180173E-01   0.115784E+00
   0.644078E-04   0.321667E+00   0.523036E+00   0.146442E+01   0.137083E+01
   0.536636E-02   0.509373E-03   0.225920E+01   0.955954E+00   0.153883E+01
   0.208785E-04   0.185961E+01   0.194387E+01   0.122148E-01   0.237369E+00
   0.144742E+00   0.348866E-01   0.757799E+00   0.607049E+00   0.292042E+01
   0.920109E+00   0.128351E+00   0.127528E+00   0.614640E-01   0.525948E-01
   0.173742E+00   0.900733E+00   0.559872E+00   0.321134E-01   0.564022E-01
   0.349727E-01   0.354104E+00   0.802288E+00   0.488199E+00   0.401177E-03
   0.280451E+00   0.406316E-01   0.194621E+00   0.722281E-01   0.193564E+01
   0.512440E+00   0.257328E-01   0.270872E-02   0.106697E+01   0.317677E-01
 
 
   TEST DATA:     (]BASED ON 10000 SAMPLES])
   ..........
                    MEAN           STD.DEV.       SKEWNESS       EXCESS
 
   TRUE VALUES:   0.500000E+00   0.707107E+00   0.282843E+01   0.120000E+02
   SAMPLE DATA:   0.500243E+00   0.711513E+00   0.288205E+01   0.123776E+02
 
 
 
                                               GAMMA-(A):  A = 0.750000E+00
                                               ----------------------------
   FIRST 100 SAMPLES:
   ..................
 
   0.114735E+00   0.107741E+01   0.103885E+01   0.269151E+01   0.665044E+00
   0.502914E+00   0.370918E+01   0.259314E+01   0.780748E+00   0.753014E-02
   0.237149E+00   0.544533E+00   0.894797E-01   0.645980E-01   0.147240E+01
   0.361732E-02   0.216325E+01   0.335763E+00   0.279186E+00   0.562617E+00
   0.238164E-01   0.116871E+01   0.891832E+00   0.152093E-01   0.146345E+01
   0.767315E+00   0.738644E+00   0.382750E-01   0.581333E-01   0.150349E-02
   0.399380E+00   0.278909E-01   0.259838E+00   0.296343E+00   0.724817E-03
   0.238260E+00   0.796024E-01   0.665642E+00   0.754556E+00   0.100986E+00
   0.554999E+01   0.110577E+01   0.824845E-01   0.691380E+00   0.194183E+01
   0.465954E-01   0.167578E+00   0.623754E+00   0.145288E+00   0.111841E+01
   0.132241E+00   0.259028E+00   0.229618E+01   0.110074E+00   0.345675E+00
   0.123206E+01   0.662311E+00   0.129421E+01   0.759360E-01   0.262475E+00
   0.177533E-02   0.518710E+00   0.717257E+00   0.307837E+01   0.179508E+01
   0.170148E+01   0.338667E-01   0.704711E-02   0.101825E+01   0.258985E+01
   0.121636E+01   0.186948E+01   0.837760E-03   0.219026E+01   0.227452E+01
   0.118496E+01   0.586018E-01   0.423581E+00   0.304590E+00   0.117967E+00
   0.918381E+00   0.792141E+00   0.325107E+01   0.113042E+01   0.281138E+00
   0.172082E+00   0.344025E+00   0.108623E+01   0.750550E+00   0.111629E+00
   0.118161E+00   0.953983E+00   0.601004E-02   0.130039E+01   0.130586E+00
   0.371062E+00   0.191627E+00   0.226629E+01   0.108021E+01   0.963043E-01
 
 
   TEST DATA:     (]BASED ON 10000 SAMPLES])
   ..........
                    MEAN           STD.DEV.       SKEWNESS       EXCESS
 
   TRUE VALUES:   0.750000E+00   0.866025E+00   0.230940E+01   0.800000E+01
   SAMPLE DATA:   0.748183E+00   0.860676E+00   0.220732E+01   0.695866E+01
 
 
 
                                               GAMMA-(A):  A = 0.999900E+00
                                               ----------------------------
   FIRST 100 SAMPLES:
   ..................
 
   0.211310E+00   0.129542E+01   0.125686E+01   0.290952E+01   0.106101E+01
   0.140559E+01   0.789485E+00   0.640202E+00   0.392719E+01   0.281115E+01
   0.890419E+00   0.273944E-01   0.364282E+00   0.679544E+00   0.175361E+00
   0.137339E+00   0.169041E+01   0.158061E-01   0.238126E+01   0.472833E+00
   0.696402E+00   0.649763E-01   0.138672E+01   0.983847E+00   0.464158E-01
   0.168146E+01   0.878903E+00   0.854154E+00   0.927469E-01   0.126895E+00
   0.818149E-02   0.731475E-01   0.390124E+00   0.430552E+00   0.473320E-02
   0.365561E+00   0.160632E+00   0.790017E+00   0.192017E+00   0.576801E+01
   0.132378E+01   0.164975E+00   0.812820E+00   0.197524E+01   0.215983E+01
   0.107492E+00   0.280753E+00   0.752426E+00   0.252248E+00   0.133642E+01
   0.235060E+00   0.389211E+00   0.251419E+01   0.204838E+00   0.483265E+00
   0.145007E+01   0.787050E+00   0.151222E+01   0.155050E+00   0.926771E-02
   0.655226E+00   0.835535E+00   0.329638E+01   0.201308E+01   0.191949E+01
   0.846134E-01   0.260655E-01   0.123626E+01   0.280785E+01   0.143437E+01
   0.331577E+01   0.208749E+01   0.527628E-02   0.240827E+01   0.249253E+01
   0.140296E+01   0.562851E+00   0.439509E+00   0.215759E+00   0.101571E+01
   0.900147E+00   0.121598E+01   0.346908E+01   0.134843E+01   0.190951E+01
   0.413874E+00   0.286393E+00   0.481534E+00   0.130424E+01   0.864459E+00
   0.207005E+00   0.216025E+00   0.109949E+01   0.231319E-01   0.151840E+01
   0.232849E+00   0.248430E+01   0.129821E+01   0.118985E+01   0.357794E+01
 
 
   TEST DATA:     (]BASED ON 10000 SAMPLES])
   ..........
                    MEAN           STD.DEV.       SKEWNESS       EXCESS
 
   TRUE VALUES:   0.999900E+00   0.999950E+00   0.200010E+01   0.600060E+01
   SAMPLE DATA:   0.100253E+01   0.101018E+01   0.204261E+01   0.666809E+01
 
 
 
                                               GAMMA-(A):  A = 0.100000E+01
                                               ----------------------------
   FIRST 100 SAMPLES:
   ..................
 
   0.782918E+00   0.233490E+00   0.871656E+00   0.107144E+00   0.241087E+01
   0.770617E-01   0.396450E+00   0.237473E+01   0.170752E+01   0.326990E+01
   0.109127E+01   0.592009E-01   0.162209E+01   0.722462E+00   0.150459E-01
   0.156903E+01   0.181316E+00   0.340184E+00   0.121351E+01   0.225384E+00
   0.182230E+01   0.558079E+00   0.882543E+00   0.807155E-01   0.193791E+00
   0.101080E+00   0.351748E+00   0.532958E+00   0.153349E+00   0.924402E+00
   0.116301E+01   0.469880E+00   0.174559E+01   0.323721E+00   0.917234E+00
   0.258166E-01   0.541893E+00   0.596994E+00   0.277861E+00   0.241571E+01
   0.490400E+00   0.145688E+00   0.100867E+01   0.111467E-01   0.112355E+01
   0.851349E+00   0.451258E+01   0.358524E+01   0.699021E+00   0.170366E+01
   0.721657E+00   0.309002E+00   0.285858E+01   0.278835E+00   0.422995E+00
   0.319591E+01   0.369772E+00   0.129292E-01   0.189147E+01   0.623795E+00
   0.273852E+00   0.154890E+01   0.153778E+00   0.413932E-02   0.340535E+01
   0.856328E+00   0.654318E+00   0.901026E-01   0.408498E+00   0.824878E+00
   0.152657E+00   0.649318E+00   0.246804E+01   0.796364E+00   0.593232E-01
   0.690114E+00   0.123397E+01   0.116414E+01   0.284235E+00   0.706251E+00
   0.154722E+01   0.543330E+00   0.344317E+00   0.362607E+01   0.154143E+00
   0.695518E+00   0.157629E+01   0.148186E+01   0.585532E+00   0.301903E+01
   0.199827E-01   0.246367E+00   0.884173E+00   0.717769E-01   0.260152E+01
   0.537803E+00   0.365680E+01   0.141017E+01   0.100659E+01   0.200849E+01
 
 
   TEST DATA:     (]BASED ON 10000 SAMPLES])
   ..........
                    MEAN           STD.DEV.       SKEWNESS       EXCESS
 
   TRUE VALUES:   0.100000E+01   0.100000E+01   0.200000E+01   0.600000E+01
   SAMPLE DATA:   0.101218E+01   0.101288E+01   0.203428E+01   0.626999E+01
 
 
 
                                               GAMMA-(A):  A = 0.150000E+01
                                               ----------------------------
   FIRST 100 SAMPLES:
   ..................
 
   0.138702E+01   0.602333E+00   0.150435E+01   0.384676E+00   0.379290E+01
   0.325462E+00   0.851072E+00   0.336322E+01   0.255876E+01   0.485376E+01
   0.178900E+01   0.287516E+00   0.245394E+01   0.130615E+01   0.172686E+00
   0.271409E+01   0.516537E+00   0.960066E-01   0.217716E+01   0.183172E+01
   0.194460E+01   0.589270E+00   0.269885E+01   0.108148E+01   0.151864E+01
   0.332927E+00   0.537451E+00   0.373107E+00   0.784955E+00   0.104639E+01
   0.468528E+00   0.157340E+01   0.188053E+01   0.957210E+00   0.260533E+01
   0.742799E+00   0.156404E+01   0.205725E+00   0.105890E+01   0.113539E+01
   0.672430E+00   0.341196E+01   0.119930E+01   0.455064E+00   0.195766E+01
   0.158779E+00   0.211649E+01   0.147763E+01   0.584274E+01   0.478020E+01
   0.127457E+01   0.255404E+01   0.130507E+01   0.720415E+00   0.434962E+01
   0.673945E+00   0.889766E+00   0.432892E+01   0.811769E+00   0.165323E+00
   0.278290E+01   0.117224E+01   0.666185E+00   0.236372E+01   0.469278E+00
   0.127614E+00   0.501849E+01   0.148419E+01   0.121395E+01   0.351725E+00
   0.868683E+00   0.144269E+01   0.467319E+00   0.120713E+01   0.386452E+01
   0.140490E+01   0.287786E+00   0.126253E+01   0.197048E+01   0.188196E+01
   0.682325E+00   0.128432E+01   0.268538E+01   0.106091E+01   0.773834E+00
   0.169892E-01   0.216362E+01   0.674281E+00   0.797828E+00   0.111956E+01
   0.454702E+01   0.188576E+00   0.622910E+00   0.152078E+01   0.314503E+00
   0.403111E+01   0.105318E+01   0.532278E+01   0.250382E+01   0.168010E+01
 
 
   TEST DATA:     (]BASED ON 10000 SAMPLES])
   ..........
                    MEAN           STD.DEV.       SKEWNESS       EXCESS
 
   TRUE VALUES:   0.150000E+01   0.122474E+01   0.163299E+01   0.400000E+01
   SAMPLE DATA:   0.151109E+01   0.123037E+01   0.164975E+01   0.436284E+01
 
 
 
                                               GAMMA-(A):  A = 0.200000E+01
                                               ----------------------------
   FIRST 100 SAMPLES:
   ..................
 
   0.196691E+01   0.100169E+01   0.210617E+01   0.713970E+00   0.501830E+01
   0.632403E+00   0.131625E+01   0.423806E+01   0.332828E+01   0.622873E+01
   0.244071E+01   0.579046E+00   0.320858E+01   0.187037E+01   0.409984E+00
   0.777070E-01   0.502451E+00   0.559289E+01   0.890098E+00   0.285791E+00
   0.289090E+01   0.249058E+01   0.262192E+01   0.984826E+00   0.348779E+01
   0.159943E+01   0.212307E+01   0.642792E+00   0.917486E+00   0.698177E+00
   0.123370E+01   0.155670E+01   0.826711E+00   0.218773E+01   0.254744E+01
   0.144749E+01   0.338136E+01   0.118071E+01   0.217669E+01   0.460110E+00
   0.157194E+01   0.166485E+01   0.109153E+01   0.429274E+01   0.192583E+01
   0.808793E+00   0.286213E+01   0.388398E+00   0.305352E+01   0.207453E+01
   0.697974E+01   0.581346E+01   0.183254E+01   0.332290E+01   0.186908E+01
   0.115244E+01   0.366291E+00   0.565579E+01   0.109346E+01   0.136427E+01
   0.531464E+01   0.126726E+01   0.398596E+00   0.358324E+01   0.170941E+01
   0.108357E+01   0.310530E+01   0.827706E+00   0.338696E+00   0.641515E+01
   0.208230E+01   0.175970E+01   0.668812E+00   0.133813E+01   0.203309E+01
   0.825103E+00   0.175150E+01   0.510062E+01   0.198819E+01   0.579428E+00
   0.181810E+01   0.265195E+01   0.254910E+01   0.110413E+01   0.184423E+01
   0.373004E+01   0.157439E+01   0.121975E+01   0.126087E+00   0.287530E+01
   0.109389E+01   0.140619E+01   0.164568E+01   0.588059E+01   0.434279E+00
   0.102818E+01   0.212560E+01   0.617089E+00   0.529175E+01   0.156497E+01
 
 
   TEST DATA:     (]BASED ON 10000 SAMPLES])
   ..........
                    MEAN           STD.DEV.       SKEWNESS       EXCESS
 
   TRUE VALUES:   0.200000E+01   0.141421E+01   0.141421E+01   0.300000E+01
   SAMPLE DATA:   0.201321E+01   0.140890E+01   0.136759E+01   0.289977E+01
 
 
 
                                               GAMMA-(A):  A = 0.300000E+01
                                               ----------------------------
   FIRST 100 SAMPLES:
   ..................
 
   0.309358E+01   0.184210E+01   0.326763E+01   0.144327E+01   0.721323E+01
   0.132626E+01   0.226104E+01   0.583246E+01   0.475568E+01   0.865144E+01
   0.368130E+01   0.124846E+01   0.461238E+01   0.297221E+01   0.993399E+00
   0.403420E+00   0.113472E+01   0.740560E+01   0.168959E+01   0.793860E+00
   0.422985E+01   0.374248E+01   0.390310E+01   0.181920E+01   0.494598E+01
   0.262790E+01   0.328867E+01   0.134128E+01   0.172725E+01   0.142078E+01
   0.215243E+01   0.257305E+01   0.160182E+01   0.336902E+01   0.381211E+01
   0.243207E+01   0.481908E+01   0.208224E+01   0.335533E+01   0.107062E+01
   0.259263E+01   0.271157E+01   0.196324E+01   0.589658E+01   0.336111E+01
   0.157684E+01   0.456837E+01   0.959636E+00   0.480935E+01   0.322820E+01
   0.898989E+01   0.765909E+01   0.292446E+01   0.474924E+01   0.297058E+01
   0.204465E+01   0.924701E+00   0.911038E+00   0.300988E+01   0.760629E+01
   0.201690E+01   0.293870E+01   0.708488E+01   0.219668E+01   0.975628E+00
   0.505953E+01   0.276836E+01   0.195256E+01   0.448838E+01   0.160321E+01
   0.880538E+00   0.887090E+01   0.323788E+01   0.283226E+01   0.137875E+01
   0.228968E+01   0.317645E+01   0.159958E+01   0.282185E+01   0.196638E+01
   0.492149E+00   0.429775E+01   0.926053E+01   0.156247E+01   0.312026E+01
   0.124902E+01   0.290622E+01   0.393973E+01   0.381415E+01   0.198012E+01
   0.293923E+01   0.564976E+01   0.259578E+01   0.213399E+01   0.506206E+00
   0.421097E+01   0.196640E+01   0.100817E+01   0.453493E+01   0.437373E+01
 
 
   TEST DATA:     (]BASED ON 10000 SAMPLES])
   ..........
                    MEAN           STD.DEV.       SKEWNESS       EXCESS
 
   TRUE VALUES:   0.300000E+01   0.173205E+01   0.115470E+01   0.200000E+01
   SAMPLE DATA:   0.302151E+01   0.174380E+01   0.116184E+01   0.224949E+01
 
 
 
                                               GAMMA-(A):  A = 0.400000E+01
                                               ----------------------------
   FIRST 100 SAMPLES:
   ..................
 
   0.419655E+01   0.271238E+01   0.439887E+01   0.222323E+01   0.900512E+01
   0.207741E+01   0.321616E+01   0.731561E+01   0.610308E+01   0.105210E+02
   0.487687E+01   0.197975E+01   0.594060E+01   0.405499E+01   0.165478E+01
   0.855336E+00   0.183581E+01   0.906620E+01   0.252662E+01   0.139400E+01
   0.550535E+01   0.494724E+01   0.513166E+01   0.268458E+01   0.631842E+01
   0.365104E+01   0.442328E+01   0.209620E+01   0.257262E+01   0.219530E+01
   0.308637E+01   0.358633E+01   0.241902E+01   0.451639E+01   0.502725E+01
   0.341954E+01   0.617488E+01   0.300220E+01   0.450053E+01   0.175403E+01
   0.360945E+01   0.374955E+01   0.285896E+01   0.738740E+01   0.480151E+01
   0.238830E+01   0.615045E+01   0.161112E+01   0.641541E+01   0.435310E+01
   0.108110E+02   0.934645E+01   0.399919E+01   0.609579E+01   0.405308E+01
   0.295703E+01   0.156576E+01   0.154797E+01   0.409896E+01   0.942141E+01
   0.292364E+01   0.401583E+01   0.871096E+01   0.313931E+01   0.163182E+01
   0.644667E+01   0.381628E+01   0.284607E+01   0.579976E+01   0.242072E+01
   0.150813E+01   0.107507E+02   0.436435E+01   0.389123E+01   0.214298E+01
   0.325030E+01   0.429298E+01   0.241627E+01   0.387903E+01   0.317488E+01
   0.982523E+00   0.558279E+01   0.111076E+02   0.237061E+01   0.422761E+01
   0.198045E+01   0.397784E+01   0.517365E+01   0.502958E+01   0.287933E+01
   0.401645E+01   0.733073E+01   0.361316E+01   0.306427E+01   0.100234E+01
   0.548381E+01   0.286278E+01   0.167384E+01   0.585266E+01   0.566934E+01
 
 
   TEST DATA:     (]BASED ON 10000 SAMPLES])
   ..........
                    MEAN           STD.DEV.       SKEWNESS       EXCESS
 
   TRUE VALUES:   0.400000E+01   0.200000E+01   0.100000E+01   0.150000E+01
   SAMPLE DATA:   0.401674E+01   0.201118E+01   0.997012E+00   0.165328E+01
 
 
 
                                               GAMMA-(A):  A = 0.500000E+01
                                               ----------------------------
   FIRST 100 SAMPLES:
   ..................
 
   0.528559E+01   0.360021E+01   0.551235E+01   0.303297E+01   0.177910E+01
   0.328668E+01   0.286223E+01   0.417735E+01   0.873338E+01   0.740347E+01
   0.119009E+02   0.604596E+01   0.274739E+01   0.722441E+01   0.512656E+01
   0.236199E+01   0.138141E+01   0.257735E+01   0.106374E+02   0.338569E+01
   0.204825E+01   0.674358E+01   0.612430E+01   0.632929E+01   0.356817E+01
   0.764046E+01   0.467105E+01   0.553967E+01   0.288428E+01   0.343891E+01
   0.300033E+01   0.402924E+01   0.459782E+01   0.326096E+01   0.564381E+01
   0.621327E+01   0.440870E+01   0.748254E+01   0.393300E+01   0.562608E+01
   0.248028E+01   0.462399E+01   0.478239E+01   0.376879E+01   0.881181E+01
   0.621268E+01   0.322527E+01   0.140810E+01   0.496088E+01   0.825522E+01
   0.470376E+01   0.491480E+01   0.619720E+01   0.110674E+02   0.835547E+01
   0.230977E+01   0.785834E+01   0.546110E+01   0.125210E+02   0.109408E+02
   0.506380E+01   0.739544E+01   0.512442E+01   0.388127E+01   0.225539E+01
   0.223402E+01   0.517600E+01   0.108329E+02   0.384300E+01   0.508252E+01
   0.102523E+02   0.408971E+01   0.233454E+01   0.778143E+01   0.485771E+01
   0.375399E+01   0.706901E+01   0.326293E+01   0.218611E+01   0.121229E+02
   0.547370E+01   0.494223E+01   0.293911E+01   0.421625E+01   0.539373E+01
   0.325776E+01   0.492847E+01   0.449490E+01   0.154186E+01   0.682925E+01
   0.128400E+02   0.320471E+01   0.532043E+01   0.274822E+01   0.503978E+01
   0.637592E+01   0.621587E+01   0.379217E+01   0.508322E+01   0.877433E+01
 
 
   TEST DATA:     (]BASED ON 10000 SAMPLES])
   ..........
                    MEAN           STD.DEV.       SKEWNESS       EXCESS
 
   TRUE VALUES:   0.500000E+01   0.223607E+01   0.894427E+00   0.120000E+01
   SAMPLE DATA:   0.502521E+01   0.225730E+01   0.890530E+00   0.127935E+01
 
 
 
                                               GAMMA-(A):  A = 0.700000E+01
                                               ----------------------------
   FIRST 100 SAMPLES:
   ..................
 
   0.743778E+01   0.540846E+01   0.770633E+01   0.470774E+01   0.310471E+01
   0.502257E+01   0.449441E+01   0.611101E+01   0.114475E+02   0.991697E+01
   0.146320E+02   0.833502E+01   0.435021E+01   0.970956E+01   0.724891E+01
   0.386148E+01   0.257129E+01   0.413554E+01   0.136138E+02   0.514480E+01
   0.345722E+01   0.915081E+01   0.842695E+01   0.866713E+01   0.536918E+01
   0.101910E+02   0.670525E+01   0.773864E+01   0.452204E+01   0.521035E+01
   0.466705E+01   0.593160E+01   0.661746E+01   0.499076E+01   0.786164E+01
   0.853127E+01   0.639018E+01   0.100084E+02   0.581469E+01   0.784071E+01
   0.401232E+01   0.664885E+01   0.683852E+01   0.561466E+01   0.115373E+02
   0.892376E+01   0.494659E+01   0.260766E+01   0.705164E+01   0.108991E+02
   0.674443E+01   0.699669E+01   0.851244E+01   0.140998E+02   0.110142E+02
   0.379463E+01   0.106229E+02   0.764572E+01   0.157346E+02   0.139568E+02
   0.717424E+01   0.990767E+01   0.724636E+01   0.575176E+01   0.372484E+01
   0.369737E+01   0.730767E+01   0.135902E+02   0.570516E+01   0.719653E+01
   0.131777E+02   0.600491E+01   0.382636E+01   0.103537E+02   0.692853E+01
   0.559659E+01   0.952926E+01   0.499321E+01   0.363566E+01   0.208949E+01
   0.128302E+02   0.766062E+01   0.702940E+01   0.459062E+01   0.615805E+01
   0.756597E+01   0.498681E+01   0.701299E+01   0.115708E+02   0.492112E+01
   0.747911E+01   0.435126E+01   0.714565E+01   0.872167E+01   0.853431E+01
   0.564319E+01   0.719736E+01   0.115488E+02   0.665388E+01   0.590095E+01
 
 
   TEST DATA:     (]BASED ON 10000 SAMPLES])
   ..........
                    MEAN           STD.DEV.       SKEWNESS       EXCESS
 
   TRUE VALUES:   0.700000E+01   0.264575E+01   0.755929E+00   0.857143E+00
   SAMPLE DATA:   0.700791E+01   0.264292E+01   0.684062E+00   0.621831E+00
 
 
 
                                               GAMMA-(A):  A = 0.100000E+02
                                               ----------------------------
   FIRST 100 SAMPLES:
   ..................
 
   0.106271E+02   0.816992E+01   0.109477E+02   0.730313E+01   0.526572E+01
   0.769400E+01   0.703682E+01   0.902848E+01   0.153360E+02   0.135558E+02
   0.186414E+02   0.116946E+02   0.685608E+01   0.133131E+02   0.104011E+02
   0.623882E+01   0.456344E+01   0.658590E+01   0.178286E+02   0.784511E+01
   0.572193E+01   0.126574E+02   0.118035E+02   0.120874E+02   0.812162E+01
   0.138758E+02   0.974780E+01   0.109862E+02   0.707137E+01   0.792601E+01
   0.725242E+01   0.881012E+01   0.964189E+01   0.765462E+01   0.111326E+02
   0.119269E+02   0.936714E+01   0.136627E+02   0.866752E+01   0.111077E+02
   0.643016E+01   0.967978E+01   0.990835E+01   0.842291E+01   0.154398E+02
   0.128296E+02   0.759990E+01   0.461185E+01   0.101646E+02   0.147001E+02
   0.979503E+01   0.100986E+02   0.119046E+02   0.183840E+02   0.148338E+02
   0.615376E+01   0.578852E+01   0.845590E+01   0.108754E+02   0.202444E+02
   0.182207E+02   0.103116E+02   0.135449E+02   0.103981E+02   0.859064E+01
   0.606480E+01   0.602973E+01   0.104715E+02   0.176048E+02   0.853367E+01
   0.103384E+02   0.173290E+02   0.889942E+01   0.619416E+01   0.140656E+02
   0.100166E+02   0.840077E+01   0.131018E+02   0.765765E+01   0.595086E+01
   0.391330E+01   0.169301E+02   0.108932E+02   0.101379E+02   0.715707E+01
   0.908563E+01   0.107802E+02   0.764973E+01   0.101181E+02   0.173057E+02
   0.106765E+02   0.685740E+01   0.102774E+02   0.121518E+02   0.119305E+02
   0.845784E+01   0.103394E+02   0.155456E+02   0.968585E+01   0.877276E+01
 
 
   TEST DATA:     (]BASED ON 10000 SAMPLES])
   ..........
                    MEAN           STD.DEV.       SKEWNESS       EXCESS
 
   TRUE VALUES:   0.100000E+02   0.316228E+01   0.632456E+00   0.600000E+00
   SAMPLE DATA:   0.100077E+02   0.316960E+01   0.596246E+00   0.528456E+00
 
 
 
                                               GAMMA-(A):  A = 0.150000E+02
                                               ----------------------------
   FIRST 100 SAMPLES:
   ..................
 
   0.158851E+02   0.128450E+02   0.162764E+02   0.117519E+02   0.912279E+01
   0.122464E+02   0.114135E+02   0.139160E+02   0.215463E+02   0.194261E+02
   0.253346E+02   0.171845E+02   0.111830E+02   0.191353E+02   0.156085E+02
   0.103906E+02   0.819048E+01   0.108371E+02   0.244834E+02   0.124369E+02
   0.972028E+01   0.183476E+02   0.173164E+02   0.176600E+02   0.127844E+02
   0.198088E+02   0.148058E+02   0.163234E+02   0.114574E+02   0.125387E+02
   0.116876E+02   0.136446E+02   0.146752E+02   0.121967E+02   0.165018E+02
   0.174658E+02   0.143357E+02   0.195540E+02   0.134670E+02   0.164714E+02
   0.106371E+02   0.147219E+02   0.150035E+02   0.131617E+02   0.216694E+02
   0.190137E+02   0.121276E+02   0.825529E+01   0.153184E+02   0.207914E+02
   0.148640E+02   0.152373E+02   0.174389E+02   0.251336E+02   0.209503E+02
   0.102807E+02   0.980700E+01   0.132029E+02   0.161883E+02   0.273013E+02
   0.249426E+02   0.154988E+02   0.194130E+02   0.156047E+02   0.133712E+02
   0.101656E+02   0.101202E+02   0.156947E+02   0.774071E+01   0.115966E+02
   0.133001E+02   0.155316E+02   0.238973E+02   0.137557E+02   0.103329E+02
   0.200354E+02   0.151367E+02   0.131340E+02   0.188819E+02   0.122005E+02
   0.100180E+02   0.731099E+01   0.234285E+02   0.162100E+02   0.152856E+02
   0.115665E+02   0.139870E+02   0.160721E+02   0.121905E+02   0.152614E+02
   0.239047E+02   0.159454E+02   0.111846E+02   0.154568E+02   0.177378E+02
   0.174702E+02   0.132053E+02   0.155328E+02   0.220016E+02   0.147294E+02
 
 
   TEST DATA:     (]BASED ON 10000 SAMPLES])
   ..........
                    MEAN           STD.DEV.       SKEWNESS       EXCESS
 
   TRUE VALUES:   0.150000E+02   0.387298E+01   0.516398E+00   0.400000E+00
   SAMPLE DATA:   0.149994E+02   0.389825E+01   0.499473E+00   0.430155E+00
 
 
 
                                               GAMMA-(A):  A = 0.200000E+02
                                               ----------------------------
   FIRST 100 SAMPLES:
   ..................
 
   0.211012E+02   0.175727E+02   0.215519E+02   0.162901E+02   0.131652E+02
   0.168714E+02   0.158912E+02   0.188218E+02   0.275603E+02   0.251552E+02
   0.318247E+02   0.225949E+02   0.156190E+02   0.248242E+02   0.207822E+02
   0.146799E+02   0.120402E+02   0.152098E+02   0.308699E+02   0.170948E+02
   0.138811E+02   0.239258E+02   0.227461E+02   0.231397E+02   0.175018E+02
   0.255904E+02   0.198543E+02   0.216059E+02   0.159431E+02   0.172141E+02
   0.162144E+02   0.185060E+02   0.197031E+02   0.168130E+02   0.218111E+02
   0.229173E+02   0.193094E+02   0.253007E+02   0.182990E+02   0.217762E+02
   0.149726E+02   0.197572E+02   0.200832E+02   0.179428E+02   0.276995E+02
   0.246857E+02   0.167319E+02   0.121187E+02   0.204472E+02   0.267056E+02
   0.199217E+02   0.203536E+02   0.228864E+02   0.315994E+02   0.268857E+02
   0.145493E+02   0.139847E+02   0.179910E+02   0.214504E+02   0.340245E+02
   0.313852E+02   0.206556E+02   0.251404E+02   0.207779E+02   0.181873E+02
   0.144123E+02   0.143582E+02   0.208816E+02   0.114935E+02   0.161071E+02
   0.181043E+02   0.206935E+02   0.302113E+02   0.186353E+02   0.146114E+02
   0.258479E+02   0.202372E+02   0.179105E+02   0.245354E+02   0.168175E+02
   0.142364E+02   0.109685E+02   0.296839E+02   0.214754E+02   0.204094E+02
   0.160716E+02   0.189043E+02   0.213167E+02   0.168058E+02   0.203814E+02
   0.302196E+02   0.211707E+02   0.156210E+02   0.206071E+02   0.232287E+02
   0.229223E+02   0.179938E+02   0.206949E+02   0.280750E+02   0.197659E+02
 
 
   TEST DATA:     (]BASED ON 10000 SAMPLES])
   ..........
                    MEAN           STD.DEV.       SKEWNESS       EXCESS
 
   TRUE VALUES:   0.200000E+02   0.447214E+01   0.447214E+00   0.300000E+00
   SAMPLE DATA:   0.200027E+02   0.449948E+01   0.424475E+00   0.279439E+00
 
 
 
                                               GAMMA-(A):  A = 0.300000E+02
                                               ----------------------------
   FIRST 100 SAMPLES:
   ..................
 
   0.314621E+02   0.271180E+02   0.320119E+02   0.255188E+02   0.215658E+02
   0.262450E+02   0.250188E+02   0.286645E+02   0.392540E+02   0.363730E+02
   0.202240E+02   0.327635E+02   0.244972E+02   0.296693E+02   0.339970E+02
   0.157194E+02   0.414346E+02   0.359748E+02   0.310724E+02   0.234929E+02
   0.201189E+02   0.241620E+02   0.431856E+02   0.265235E+02   0.224794E+02
   0.348916E+02   0.334639E+02   0.339409E+02   0.270299E+02   0.368960E+02
   0.299355E+02   0.320777E+02   0.250840E+02   0.266721E+02   0.254239E+02
   0.282744E+02   0.297496E+02   0.261722E+02   0.323277E+02   0.336715E+02
   0.292655E+02   0.365480E+02   0.280185E+02   0.322852E+02   0.238628E+02
   0.298162E+02   0.302163E+02   0.275773E+02   0.394201E+02   0.358080E+02
   0.260710E+02   0.202204E+02   0.306625E+02   0.382327E+02   0.300182E+02
   0.305478E+02   0.336341E+02   0.440477E+02   0.384481E+02   0.233276E+02
   0.226111E+02   0.276370E+02   0.318883E+02   0.469029E+02   0.437947E+02
   0.309176E+02   0.363552E+02   0.310671E+02   0.278801E+02   0.231540E+02
   0.230855E+02   0.311939E+02   0.194103E+02   0.252896E+02   0.277774E+02
   0.309638E+02   0.424061E+02   0.284342E+02   0.234062E+02   0.372050E+02
   0.304052E+02   0.275372E+02   0.356269E+02   0.261778E+02   0.229309E+02
   0.187263E+02   0.417808E+02   0.319187E+02   0.306161E+02   0.252451E+02
   0.287663E+02   0.317252E+02   0.261632E+02   0.305819E+02   0.424159E+02
   0.315470E+02   0.246795E+02   0.308582E+02   0.340487E+02   0.336775E+02
 
 
   TEST DATA:     (]BASED ON 10000 SAMPLES])
   ..........
                    MEAN           STD.DEV.       SKEWNESS       EXCESS
 
   TRUE VALUES:   0.300000E+02   0.547723E+01   0.365148E+00   0.200000E+00
   SAMPLE DATA:   0.300063E+02   0.550597E+01   0.330904E+00   0.123158E+00
 
 
 
                                               GAMMA-(A):  A = 0.500000E+02
                                               ----------------------------
   FIRST 100 SAMPLES:
   ..................
 
   0.520323E+02   0.463996E+02   0.527387E+02   0.443003E+02   0.390392E+02
   0.452555E+02   0.436408E+02   0.484160E+02   0.619296E+02   0.582968E+02
   0.372264E+02   0.537021E+02   0.429510E+02   0.497193E+02   0.552782E+02
   0.310138E+02   0.646610E+02   0.577924E+02   0.515308E+02   0.416177E+02
   0.370837E+02   0.425067E+02   0.668438E+02   0.456210E+02   0.402650E+02
   0.564173E+02   0.545978E+02   0.552066E+02   0.462844E+02   0.589585E+02
   0.500636E+02   0.528232E+02   0.437268E+02   0.458158E+02   0.441753E+02
   0.479086E+02   0.498232E+02   0.451599E+02   0.531437E+02   0.548629E+02
   0.491961E+02   0.585183E+02   0.475752E+02   0.530893E+02   0.421096E+02
   0.499093E+02   0.504266E+02   0.469998E+02   0.621381E+02   0.575809E+02
   0.450269E+02   0.372215E+02   0.510025E+02   0.606450E+02   0.501706E+02
   0.508546E+02   0.548151E+02   0.679154E+02   0.609162E+02   0.413976E+02
   0.404413E+02   0.470777E+02   0.525799E+02   0.714498E+02   0.676011E+02
   0.513314E+02   0.582743E+02   0.515240E+02   0.473949E+02   0.411663E+02
   0.410749E+02   0.516873E+02   0.361195E+02   0.439981E+02   0.472610E+02
   0.513910E+02   0.658732E+02   0.481165E+02   0.415022E+02   0.593489E+02
   0.506705E+02   0.469475E+02   0.573513E+02   0.451673E+02   0.408686E+02
   0.351841E+02   0.650933E+02   0.526190E+02   0.509427E+02   0.439395E+02
   0.485482E+02   0.523705E+02   0.451481E+02   0.508985E+02   0.658854E+02
   0.521415E+02   0.431922E+02   0.512548E+02   0.553441E+02   0.548706E+02
 
 
   TEST DATA:     (]BASED ON 10000 SAMPLES])
   ..........
                    MEAN           STD.DEV.       SKEWNESS       EXCESS
 
   TRUE VALUES:   0.500000E+02   0.707107E+01   0.282843E+00   0.120000E+00
   SAMPLE DATA:   0.499778E+02   0.709767E+01   0.239148E+00   0.343053E-01
 
 
 
                                               GAMMA-(A):  A = 0.100000E+03
                                               ----------------------------
   FIRST 100 SAMPLES:
   ..................
 
   0.103077E+03   0.950834E+02   0.104070E+03   0.920677E+02   0.844098E+02
   0.934425E+02   0.911158E+02   0.979606E+02   0.116832E+03   0.111822E+03
   0.817340E+02   0.105422E+03   0.901179E+02   0.998108E+02   0.107626E+03
   0.723919E+02   0.120573E+03   0.111123E+03   0.102371E+03   0.881819E+02
   0.815226E+02   0.894738E+02   0.123547E+03   0.939673E+02   0.862079E+02
   0.109213E+03   0.106675E+03   0.107526E+03   0.949184E+02   0.112737E+03
   0.100298E+03   0.104189E+03   0.912401E+02   0.942468E+02   0.918874E+02
   0.972383E+02   0.999580E+02   0.933052E+02   0.104639E+03   0.107046E+03
   0.990690E+02   0.112128E+03   0.967632E+02   0.104563E+03   0.888973E+02
   0.100080E+03   0.100812E+03   0.959418E+02   0.117118E+03   0.110829E+03
   0.931139E+02   0.817268E+02   0.101626E+03   0.115065E+03   0.100450E+03
   0.101417E+03   0.106979E+03   0.125002E+03   0.115439E+03   0.878614E+02
   0.864657E+02   0.960530E+02   0.103847E+03   0.129781E+03   0.124575E+03
   0.102090E+03   0.111791E+03   0.102361E+03   0.965059E+02   0.875243E+02
   0.873910E+02   0.102591E+03   0.800899E+02   0.916319E+02   0.963147E+02
   0.102174E+03   0.122226E+03   0.975344E+02   0.880138E+02   0.113277E+03
   0.101157E+03   0.958670E+02   0.110511E+03   0.933157E+02   0.870900E+02
   0.786941E+02   0.121162E+03   0.103902E+03   0.101541E+03   0.915473E+02
   0.981487E+02   0.103553E+03   0.932881E+02   0.101479E+03   0.122242E+03
   0.103231E+03   0.904672E+02   0.101982E+03   0.107718E+03   0.107057E+03
 
 
   TEST DATA:     (]BASED ON 10000 SAMPLES])
   ..........
                    MEAN           STD.DEV.       SKEWNESS       EXCESS
 
   TRUE VALUES:   0.100000E+03   0.100000E+02   0.200000E+00   0.600000E-01
   SAMPLE DATA:   0.999624E+02   0.100413E+02   0.150081E+00   0.163362E-01
 
 
 
                                               GAMMA-(A):  A = 0.100000E+04
                                               ----------------------------
   FIRST 100 SAMPLES:
   ..................
 
   0.101077E+04   0.985393E+03   0.101387E+04   0.975631E+03   0.950327E+03
   0.980095E+03   0.972527E+03   0.994608E+03   0.105292E+04   0.103777E+04
   0.941298E+03   0.101808E+04   0.969260E+03   0.100048E+04   0.102491E+04
   0.908917E+03   0.106409E+04   0.103564E+04   0.100855E+04   0.962887E+03
   0.940580E+03   0.967146E+03   0.107289E+04   0.981793E+03   0.956338E+03
   0.102979E+04   0.102197E+04   0.102460E+04   0.984862E+03   0.104056E+04
   0.100203E+04   0.101424E+04   0.972933E+03   0.982696E+03   0.975044E+03
   0.992303E+03   0.100095E+04   0.979650E+03   0.101565E+04   0.102312E+04
   0.998133E+03   0.103871E+04   0.990784E+03   0.101541E+04   0.965248E+03
   0.100134E+04   0.100365E+04   0.988152E+03   0.105378E+04   0.969289E+03
   0.106034E+04   0.987261E+03   0.972873E+03   0.979030E+03   0.941274E+03
   0.100621E+04   0.104761E+04   0.100251E+04   0.100555E+04   0.102291E+04
   0.107717E+04   0.104873E+04   0.961827E+03   0.957197E+03   0.988509E+03
   0.101318E+04   0.109112E+04   0.107592E+04   0.100767E+04   0.103768E+04
   0.100852E+04   0.989961E+03   0.960711E+03   0.960269E+03   0.100925E+04
   0.935699E+03   0.974211E+03   0.989348E+03   0.100794E+04   0.106899E+04
   0.993249E+03   0.962332E+03   0.104220E+04   0.100474E+04   0.987912E+03
   0.103377E+04   0.979684E+03   0.959271E+03   0.930913E+03   0.106585E+04
   0.101335E+04   0.100595E+04   0.973935E+03   0.995207E+03   0.101226E+04
   0.979595E+03   0.100575E+04   0.954996E+03   0.101036E+04   0.100686E+04
 
 
   TEST DATA:     (]BASED ON 10000 SAMPLES])
   ..........
                    MEAN           STD.DEV.       SKEWNESS       EXCESS
 
   TRUE VALUES:   0.100000E+04   0.316228E+02   0.632456E-01   0.600000E-02
   SAMPLE DATA:   0.999935E+03   0.318713E+02   0.200466E-01  -0.671244E-02
 
 
 
                                               GAMMA-(A):  A = 0.100000E+05
                                               ----------------------------
   FIRST 100 SAMPLES:
   ..................
 
   0.100351E+05   0.995477E+04   0.100449E+05   0.992369E+04   0.984262E+04
   0.993792E+04   0.991379E+04   0.998401E+04   0.101670E+05   0.101198E+05
   0.981352E+04   0.100581E+05   0.990335E+04   0.100026E+05   0.100795E+05
   0.970833E+04   0.102016E+05   0.101131E+05   0.100281E+05   0.988296E+04
   0.981120E+04   0.989659E+04   0.102288E+05   0.994332E+04   0.986195E+04
   0.100948E+05   0.100703E+05   0.100785E+05   0.995308E+04   0.101285E+05
   0.100075E+05   0.100460E+05   0.991508E+04   0.994619E+04   0.992182E+04
   0.997671E+04   0.100041E+05   0.993650E+04   0.100504E+05   0.100739E+05
   0.999517E+04   0.101227E+05   0.997189E+04   0.100497E+05   0.989051E+04
   0.100053E+05   0.100126E+05   0.996354E+04   0.101696E+05   0.990344E+04
   0.101900E+05   0.996070E+04   0.991489E+04   0.993452E+04   0.981344E+04
   0.100207E+05   0.101504E+05   0.100090E+05   0.100186E+05   0.100733E+05
   0.102420E+05   0.101539E+05   0.987956E+04   0.986471E+04   0.996467E+04
   0.100427E+05   0.102849E+05   0.102382E+05   0.100253E+05   0.101195E+05
   0.100280E+05   0.996928E+04   0.987598E+04   0.987456E+04   0.100303E+05
   0.979542E+04   0.991916E+04   0.996733E+04   0.100261E+05   0.102168E+05
   0.997971E+04   0.988117E+04   0.101336E+05   0.100160E+05   0.996277E+04
   0.101073E+05   0.993661E+04   0.987136E+04   0.977992E+04   0.102070E+05
   0.100432E+05   0.100199E+05   0.991828E+04   0.998591E+04   0.100398E+05
   0.993632E+04   0.100192E+05   0.985764E+04   0.100338E+05   0.100227E+05
 
 
   TEST DATA:     (]BASED ON 10000 SAMPLES])
   ..........
                    MEAN           STD.DEV.       SKEWNESS       EXCESS
 
   TRUE VALUES:   0.100000E+05   0.100000E+03   0.200000E-01   0.600000E-03
   SAMPLE DATA:   0.999976E+04   0.100928E+03  -0.215847E-01   0.357437E-02
 
 
 
                                               GAMMA-(A):  A = 0.100000E+06
                                               ----------------------------
   FIRST 100 SAMPLES:
   ..................
 
   0.100112E+06   0.998579E+05   0.100143E+06   0.997595E+05   0.995021E+05
   0.998045E+05   0.997281E+05   0.999505E+05   0.100528E+06   0.100379E+06
   0.994095E+05   0.100185E+06   0.996949E+05   0.100009E+06   0.100252E+06
   0.990741E+05   0.100637E+06   0.100358E+06   0.100090E+06   0.996302E+05
   0.994021E+05   0.996735E+05   0.100722E+06   0.998217E+05   0.995635E+05
   0.100300E+06   0.100223E+06   0.100249E+06   0.998526E+05   0.100406E+06
   0.100025E+06   0.100146E+06   0.997322E+05   0.998308E+05   0.997535E+05
   0.999274E+05   0.100014E+06   0.998001E+05   0.100160E+06   0.100234E+06
   0.999858E+05   0.100388E+06   0.999122E+05   0.100158E+06   0.996542E+05
   0.100018E+06   0.100041E+06   0.998857E+05   0.100536E+06   0.996952E+05
   0.100600E+06   0.998768E+05   0.997316E+05   0.997938E+05   0.994092E+05
   0.100067E+06   0.100476E+06   0.100030E+06   0.100060E+06   0.100232E+06
   0.100763E+06   0.100487E+06   0.996194E+05   0.995723E+05   0.998893E+05
   0.100136E+06   0.100898E+06   0.100751E+06   0.100081E+06   0.100378E+06
   0.100090E+06   0.999039E+05   0.996081E+05   0.996036E+05   0.100097E+06
   0.993519E+05   0.997451E+05   0.998977E+05   0.100084E+06   0.100684E+06
   0.999369E+05   0.996246E+05   0.100423E+06   0.100052E+06   0.998833E+05
   0.100340E+06   0.998004E+05   0.995934E+05   0.993025E+05   0.100654E+06
   0.100138E+06   0.100064E+06   0.997423E+05   0.999565E+05   0.100127E+06
   0.997995E+05   0.100062E+06   0.995498E+05   0.100108E+06   0.100073E+06
 
 
   TEST DATA:     (]BASED ON 10000 SAMPLES])
   ..........
                    MEAN           STD.DEV.       SKEWNESS       EXCESS
 
   TRUE VALUES:   0.100000E+06   0.316228E+03   0.632456E-02   0.600000E-04
   SAMPLE DATA:   0.999988E+05   0.319259E+03  -0.348224E-01   0.770903E-02
 
 
 
                                               GAMMA-(A):  A = 0.100000E+07
                                               ----------------------------
   FIRST 100 SAMPLES:
   ..................
 
   0.100036E+07   0.999552E+06   0.100045E+07   0.999240E+06   0.998425E+06
   0.999383E+06   0.999141E+06   0.999845E+06   0.100167E+07   0.100120E+07
   0.998132E+06   0.100058E+07   0.999036E+06   0.100003E+07   0.100080E+07
   0.997068E+06   0.100201E+07   0.100113E+07   0.100029E+07   0.998831E+06
   0.998108E+06   0.998968E+06   0.100228E+07   0.999437E+06   0.998620E+06
   0.100095E+07   0.100071E+07   0.100079E+07   0.999535E+06   0.100129E+07
   0.100008E+07   0.100046E+07   0.999154E+06   0.999466E+06   0.999221E+06
   0.999772E+06   0.100005E+07   0.999369E+06   0.100051E+07   0.100074E+07
   0.999956E+06   0.100123E+07   0.999723E+06   0.100050E+07   0.998907E+06
   0.100006E+07   0.100013E+07   0.999640E+06   0.100169E+07   0.999037E+06
   0.100190E+07   0.999611E+06   0.999152E+06   0.999349E+06   0.998131E+06
   0.100021E+07   0.100150E+07   0.100009E+07   0.100019E+07   0.100074E+07
   0.100241E+07   0.100154E+07   0.998797E+06   0.998647E+06   0.999651E+06
   0.100043E+07   0.100284E+07   0.100237E+07   0.100026E+07   0.100120E+07
   0.100028E+07   0.999697E+06   0.998761E+06   0.998747E+06   0.100031E+07
   0.997949E+06   0.999195E+06   0.999678E+06   0.100027E+07   0.100216E+07
   0.999802E+06   0.998813E+06   0.100134E+07   0.100016E+07   0.999632E+06
   0.100107E+07   0.999370E+06   0.998714E+06   0.997793E+06   0.100207E+07
   0.100044E+07   0.100020E+07   0.999186E+06   0.999864E+06   0.100040E+07
   0.999367E+06   0.100020E+07   0.998576E+06   0.100034E+07   0.100023E+07
 
 
   TEST DATA:     (]BASED ON 10000 SAMPLES])
   ..........
                    MEAN           STD.DEV.       SKEWNESS       EXCESS
 
   TRUE VALUES:   0.100000E+07   0.100000E+04   0.200000E-02   0.600000E-05
   SAMPLE DATA:   0.999997E+06   0.100962E+04  -0.400114E-01   0.838828E-02
 
 
 
 
 5.)  POISSON-(MU) DISTRIBUTION:
 *******************************
 
   (INTEGER SAMPLES ARE DISPLAYED AS REALS])
 
 
                                           POISSON-(MU):  MU = 0.100000E-03
                                           --------------------------------
   FIRST 100 SAMPLES:
   ..................
 
   0.000000E+00   0.000000E+00   0.000000E+00   0.000000E+00   0.000000E+00
   0.000000E+00   0.000000E+00   0.000000E+00   0.000000E+00   0.000000E+00
   0.000000E+00   0.000000E+00   0.000000E+00   0.000000E+00   0.000000E+00
   0.000000E+00   0.000000E+00   0.000000E+00   0.000000E+00   0.000000E+00
   0.000000E+00   0.000000E+00   0.000000E+00   0.000000E+00   0.000000E+00
   0.000000E+00   0.000000E+00   0.000000E+00   0.000000E+00   0.000000E+00
   0.000000E+00   0.000000E+00   0.000000E+00   0.000000E+00   0.000000E+00
   0.000000E+00   0.000000E+00   0.000000E+00   0.000000E+00   0.000000E+00
   0.000000E+00   0.000000E+00   0.000000E+00   0.000000E+00   0.000000E+00
   0.000000E+00   0.000000E+00   0.000000E+00   0.000000E+00   0.000000E+00
   0.000000E+00   0.000000E+00   0.000000E+00   0.000000E+00   0.000000E+00
   0.000000E+00   0.000000E+00   0.000000E+00   0.000000E+00   0.000000E+00
   0.000000E+00   0.000000E+00   0.000000E+00   0.000000E+00   0.000000E+00
   0.000000E+00   0.000000E+00   0.000000E+00   0.000000E+00   0.000000E+00
   0.000000E+00   0.000000E+00   0.000000E+00   0.000000E+00   0.000000E+00
   0.000000E+00   0.000000E+00   0.000000E+00   0.000000E+00   0.000000E+00
   0.000000E+00   0.000000E+00   0.000000E+00   0.000000E+00   0.000000E+00
   0.000000E+00   0.000000E+00   0.000000E+00   0.000000E+00   0.000000E+00
   0.000000E+00   0.000000E+00   0.000000E+00   0.000000E+00   0.000000E+00
   0.000000E+00   0.000000E+00   0.000000E+00   0.000000E+00   0.000000E+00
 
 
   TEST DATA:     (]BASED ON 10000 SAMPLES])
   ..........
                    MEAN           STD.DEV.       SKEWNESS       EXCESS
 
   TRUE VALUES:   0.100000E-03   0.100000E-01   0.100000E+03   0.100000E+05
   SAMPLE DATA:   0.200000E-03   0.141397E-01   0.707047E+02   0.499643E+04
 
 
 
                                           POISSON-(MU):  MU = 0.100000E+01
                                           --------------------------------
   FIRST 100 SAMPLES:
   ..................
 
   0.000000E+00   0.100000E+01   0.200000E+01   0.000000E+00   0.200000E+01
   0.200000E+01   0.300000E+01   0.000000E+00   0.200000E+01   0.200000E+01
   0.200000E+01   0.100000E+01   0.100000E+01   0.000000E+00   0.100000E+01
   0.100000E+01   0.400000E+01   0.200000E+01   0.100000E+01   0.100000E+01
   0.300000E+01   0.200000E+01   0.000000E+00   0.300000E+01   0.100000E+01
   0.000000E+00   0.100000E+01   0.100000E+01   0.000000E+00   0.000000E+00
   0.000000E+00   0.000000E+00   0.200000E+01   0.200000E+01   0.000000E+00
   0.000000E+00   0.100000E+01   0.000000E+00   0.200000E+01   0.100000E+01
   0.100000E+01   0.000000E+00   0.200000E+01   0.100000E+01   0.400000E+01
   0.000000E+00   0.200000E+01   0.200000E+01   0.100000E+01   0.000000E+00
   0.200000E+01   0.100000E+01   0.200000E+01   0.300000E+01   0.200000E+01
   0.000000E+00   0.000000E+00   0.000000E+00   0.100000E+01   0.100000E+01
   0.100000E+01   0.000000E+00   0.000000E+00   0.200000E+01   0.200000E+01
   0.100000E+01   0.000000E+00   0.200000E+01   0.200000E+01   0.100000E+01
   0.100000E+01   0.000000E+00   0.200000E+01   0.200000E+01   0.000000E+00
   0.000000E+00   0.100000E+01   0.100000E+01   0.100000E+01   0.100000E+01
   0.000000E+00   0.000000E+00   0.200000E+01   0.100000E+01   0.000000E+00
   0.000000E+00   0.100000E+01   0.000000E+00   0.100000E+01   0.000000E+00
   0.200000E+01   0.000000E+00   0.100000E+01   0.100000E+01   0.000000E+00
   0.200000E+01   0.100000E+01   0.200000E+01   0.000000E+00   0.400000E+01
 
 
   TEST DATA:     (]BASED ON 10000 SAMPLES])
   ..........
                    MEAN           STD.DEV.       SKEWNESS       EXCESS
 
   TRUE VALUES:   0.100000E+01   0.100000E+01   0.100000E+01   0.100000E+01
   SAMPLE DATA:   0.100160E+01   0.997897E+00   0.996662E+00   0.105468E+01
 
 
 
                                           POISSON-(MU):  MU = 0.200000E+01
                                           --------------------------------
   FIRST 100 SAMPLES:
   ..................
 
   0.100000E+01   0.300000E+01   0.300000E+01   0.100000E+01   0.300000E+01
   0.300000E+01   0.500000E+01   0.100000E+01   0.300000E+01   0.300000E+01
   0.300000E+01   0.200000E+01   0.200000E+01   0.000000E+00   0.200000E+01
   0.100000E+01   0.600000E+01   0.300000E+01   0.200000E+01   0.200000E+01
   0.400000E+01   0.300000E+01   0.000000E+00   0.500000E+01   0.200000E+01
   0.000000E+00   0.200000E+01   0.200000E+01   0.000000E+00   0.000000E+00
   0.000000E+00   0.100000E+01   0.300000E+01   0.300000E+01   0.000000E+00
   0.100000E+01   0.200000E+01   0.100000E+01   0.300000E+01   0.200000E+01
   0.100000E+01   0.000000E+00   0.400000E+01   0.200000E+01   0.600000E+01
   0.000000E+00   0.300000E+01   0.400000E+01   0.200000E+01   0.000000E+00
   0.300000E+01   0.300000E+01   0.300000E+01   0.400000E+01   0.300000E+01
   0.100000E+01   0.100000E+01   0.100000E+01   0.300000E+01   0.200000E+01
   0.200000E+01   0.000000E+00   0.100000E+01   0.300000E+01   0.300000E+01
   0.300000E+01   0.100000E+01   0.300000E+01   0.400000E+01   0.200000E+01
   0.300000E+01   0.000000E+00   0.300000E+01   0.400000E+01   0.100000E+01
   0.100000E+01   0.200000E+01   0.200000E+01   0.100000E+01   0.200000E+01
   0.100000E+01   0.100000E+01   0.400000E+01   0.200000E+01   0.000000E+00
   0.000000E+00   0.200000E+01   0.000000E+00   0.200000E+01   0.000000E+00
   0.300000E+01   0.000000E+00   0.200000E+01   0.200000E+01   0.100000E+01
   0.300000E+01   0.100000E+01   0.300000E+01   0.000000E+00   0.600000E+01
 
 
   TEST DATA:     (]BASED ON 10000 SAMPLES])
   ..........
                    MEAN           STD.DEV.       SKEWNESS       EXCESS
 
   TRUE VALUES:   0.200000E+01   0.141421E+01   0.707107E+00   0.500000E+00
   SAMPLE DATA:   0.200430E+01   0.141792E+01   0.705497E+00   0.512169E+00
 
 
 
                                           POISSON-(MU):  MU = 0.500000E+01
                                           --------------------------------
   FIRST 100 SAMPLES:
   ..................
 
   0.300000E+01   0.600000E+01   0.700000E+01   0.300000E+01   0.700000E+01
   0.700000E+01   0.900000E+01   0.300000E+01   0.600000E+01   0.700000E+01
   0.700000E+01   0.500000E+01   0.500000E+01   0.100000E+01   0.500000E+01
   0.400000E+01   0.100000E+02   0.700000E+01   0.600000E+01   0.500000E+01
   0.900000E+01   0.700000E+01   0.200000E+01   0.900000E+01   0.400000E+01
   0.200000E+01   0.400000E+01   0.600000E+01   0.200000E+01   0.100000E+01
   0.300000E+01   0.300000E+01   0.700000E+01   0.700000E+01   0.100000E+01
   0.400000E+01   0.500000E+01   0.400000E+01   0.700000E+01   0.500000E+01
   0.400000E+01   0.300000E+01   0.800000E+01   0.600000E+01   0.110000E+02
   0.200000E+01   0.600000E+01   0.700000E+01   0.500000E+01   0.100000E+01
   0.600000E+01   0.600000E+01   0.700000E+01   0.900000E+01   0.600000E+01
   0.400000E+01   0.400000E+01   0.400000E+01   0.600000E+01   0.500000E+01
   0.400000E+01   0.200000E+01   0.300000E+01   0.700000E+01   0.700000E+01
   0.600000E+01   0.300000E+01   0.700000E+01   0.800000E+01   0.500000E+01
   0.600000E+01   0.100000E+01   0.600000E+01   0.700000E+01   0.300000E+01
   0.400000E+01   0.500000E+01   0.600000E+01   0.400000E+01   0.600000E+01
   0.300000E+01   0.300000E+01   0.800000E+01   0.500000E+01   0.100000E+01
   0.200000E+01   0.600000E+01   0.200000E+01   0.500000E+01   0.200000E+01
   0.700000E+01   0.000000E+00   0.500000E+01   0.600000E+01   0.400000E+01
   0.700000E+01   0.400000E+01   0.600000E+01   0.200000E+01   0.110000E+02
 
 
   TEST DATA:     (]BASED ON 10000 SAMPLES])
   ..........
                    MEAN           STD.DEV.       SKEWNESS       EXCESS
 
   TRUE VALUES:   0.500000E+01   0.223607E+01   0.447214E+00   0.200000E+00
   SAMPLE DATA:   0.500690E+01   0.225025E+01   0.446631E+00   0.205991E+00
 
 
 
                                           POISSON-(MU):  MU = 0.999000E+01
                                           --------------------------------
   FIRST 100 SAMPLES:
   ..................
 
   0.700000E+01   0.110000E+02   0.130000E+02   0.700000E+01   0.120000E+02
   0.130000E+02   0.160000E+02   0.700000E+01   0.120000E+02   0.130000E+02
   0.130000E+02   0.100000E+02   0.100000E+02   0.400000E+01   0.100000E+02
   0.900000E+01   0.170000E+02   0.130000E+02   0.110000E+02   0.100000E+02
   0.150000E+02   0.130000E+02   0.500000E+01   0.160000E+02   0.900000E+01
   0.500000E+01   0.900000E+01   0.110000E+02   0.600000E+01   0.400000E+01
   0.700000E+01   0.800000E+01   0.130000E+02   0.130000E+02   0.400000E+01
   0.800000E+01   0.100000E+02   0.800000E+01   0.130000E+02   0.100000E+02
   0.900000E+01   0.600000E+01   0.140000E+02   0.110000E+02   0.180000E+02
   0.600000E+01   0.120000E+02   0.130000E+02   0.100000E+02   0.400000E+01
   0.120000E+02   0.120000E+02   0.120000E+02   0.150000E+02   0.120000E+02
   0.900000E+01   0.800000E+01   0.800000E+01   0.110000E+02   0.100000E+02
   0.900000E+01   0.500000E+01   0.700000E+01   0.130000E+02   0.120000E+02
   0.120000E+02   0.800000E+01   0.130000E+02   0.140000E+02   0.110000E+02
   0.120000E+02   0.500000E+01   0.120000E+02   0.130000E+02   0.700000E+01
   0.800000E+01   0.100000E+02   0.110000E+02   0.900000E+01   0.110000E+02
   0.700000E+01   0.700000E+01   0.140000E+02   0.100000E+02   0.500000E+01
   0.600000E+01   0.110000E+02   0.600000E+01   0.100000E+02   0.600000E+01
   0.130000E+02   0.300000E+01   0.100000E+02   0.110000E+02   0.800000E+01
   0.130000E+02   0.900000E+01   0.120000E+02   0.600000E+01   0.190000E+02
 
 
   TEST DATA:     (]BASED ON 10000 SAMPLES])
   ..........
                    MEAN           STD.DEV.       SKEWNESS       EXCESS
 
   TRUE VALUES:   0.999000E+01   0.316070E+01   0.316386E+00   0.100100E+00
   SAMPLE DATA:   0.100053E+02   0.317564E+01   0.323648E+00   0.950925E-01
 
 
 
                                           POISSON-(MU):  MU = 0.100000E+02
                                           --------------------------------
   FIRST 100 SAMPLES:
   ..................
 
   0.110000E+02   0.800000E+01   0.700000E+01   0.700000E+01   0.500000E+01
   0.800000E+01   0.700000E+01   0.180000E+02   0.800000E+01   0.150000E+02
   0.100000E+02   0.110000E+02   0.600000E+01   0.100000E+02   0.120000E+02
   0.180000E+02   0.400000E+01   0.600000E+01   0.170000E+02   0.800000E+01
   0.700000E+01   0.700000E+01   0.120000E+02   0.120000E+02   0.800000E+01
   0.170000E+02   0.110000E+02   0.700000E+01   0.900000E+01   0.800000E+01
   0.100000E+02   0.800000E+01   0.600000E+01   0.120000E+02   0.900000E+01
   0.800000E+01   0.130000E+02   0.900000E+01   0.110000E+02   0.110000E+02
   0.600000E+01   0.100000E+02   0.100000E+02   0.800000E+01   0.100000E+02
   0.150000E+02   0.120000E+02   0.700000E+01   0.400000E+01   0.100000E+02
   0.140000E+02   0.100000E+02   0.100000E+02   0.120000E+02   0.170000E+02
   0.140000E+02   0.600000E+01   0.140000E+02   0.110000E+02   0.180000E+02
   0.170000E+02   0.100000E+02   0.130000E+02   0.100000E+02   0.900000E+01
   0.160000E+02   0.110000E+02   0.100000E+02   0.170000E+02   0.800000E+01
   0.900000E+01   0.100000E+02   0.160000E+02   0.900000E+01   0.120000E+02
   0.600000E+01   0.140000E+02   0.100000E+02   0.800000E+01   0.600000E+01
   0.800000E+01   0.500000E+01   0.800000E+01   0.180000E+02   0.110000E+02
   0.100000E+02   0.700000E+01   0.900000E+01   0.120000E+02   0.110000E+02
   0.700000E+01   0.100000E+02   0.170000E+02   0.110000E+02   0.700000E+01
   0.100000E+02   0.120000E+02   0.120000E+02   0.800000E+01   0.170000E+02
 
 
   TEST DATA:     (]BASED ON 10000 SAMPLES])
   ..........
                    MEAN           STD.DEV.       SKEWNESS       EXCESS
 
   TRUE VALUES:   0.100000E+02   0.316228E+01   0.316228E+00   0.100000E+00
   SAMPLE DATA:   0.100153E+02   0.315948E+01   0.290608E+00   0.983310E-01
 
 
 
                                           POISSON-(MU):  MU = 0.120000E+02
                                           --------------------------------
   FIRST 100 SAMPLES:
   ..................
 
   0.130000E+02   0.100000E+02   0.900000E+01   0.900000E+01   0.190000E+02
   0.900000E+01   0.110000E+02   0.120000E+02   0.170000E+02   0.160000E+02
   0.210000E+02   0.140000E+02   0.800000E+01   0.150000E+02   0.120000E+02
   0.700000E+01   0.500000E+01   0.800000E+01   0.190000E+02   0.100000E+02
   0.900000E+01   0.900000E+01   0.140000E+02   0.140000E+02   0.100000E+02
   0.200000E+02   0.130000E+02   0.900000E+01   0.110000E+02   0.100000E+02
   0.120000E+02   0.900000E+01   0.130000E+02   0.140000E+02   0.110000E+02
   0.100000E+02   0.160000E+02   0.110000E+02   0.130000E+02   0.130000E+02
   0.800000E+01   0.120000E+02   0.120000E+02   0.100000E+02   0.120000E+02
   0.170000E+02   0.150000E+02   0.900000E+01   0.160000E+02   0.700000E+01
   0.170000E+02   0.130000E+02   0.210000E+02   0.200000E+02   0.120000E+02
   0.160000E+02   0.120000E+02   0.100000E+02   0.190000E+02   0.130000E+02
   0.130000E+02   0.200000E+02   0.100000E+02   0.110000E+02   0.120000E+02
   0.190000E+02   0.110000E+02   0.140000E+02   0.700000E+01   0.160000E+02
   0.120000E+02   0.100000E+02   0.700000E+01   0.900000E+01   0.700000E+01
   0.210000E+02   0.130000E+02   0.120000E+02   0.900000E+01   0.110000E+02
   0.140000E+02   0.130000E+02   0.900000E+01   0.120000E+02   0.200000E+02
   0.130000E+02   0.800000E+01   0.120000E+02   0.140000E+02   0.140000E+02
   0.100000E+02   0.200000E+02   0.180000E+02   0.120000E+02   0.110000E+02
   0.120000E+02   0.500000E+01   0.150000E+02   0.100000E+02   0.900000E+01
 
 
   TEST DATA:     (]BASED ON 10000 SAMPLES])
   ..........
                    MEAN           STD.DEV.       SKEWNESS       EXCESS
 
   TRUE VALUES:   0.120000E+02   0.346410E+01   0.288675E+00   0.833333E-01
   SAMPLE DATA:   0.120024E+02   0.345314E+01   0.257127E+00   0.946105E-01
 
 
 
                                           POISSON-(MU):  MU = 0.150000E+02
                                           --------------------------------
   FIRST 100 SAMPLES:
   ..................
 
   0.160000E+02   0.130000E+02   0.110000E+02   0.120000E+02   0.230000E+02
   0.110000E+02   0.140000E+02   0.150000E+02   0.210000E+02   0.190000E+02
   0.250000E+02   0.170000E+02   0.110000E+02   0.190000E+02   0.160000E+02
   0.100000E+02   0.700000E+01   0.110000E+02   0.230000E+02   0.120000E+02
   0.900000E+01   0.180000E+02   0.170000E+02   0.180000E+02   0.130000E+02
   0.240000E+02   0.170000E+02   0.110000E+02   0.140000E+02   0.120000E+02
   0.120000E+02   0.160000E+02   0.170000E+02   0.140000E+02   0.130000E+02
   0.190000E+02   0.130000E+02   0.160000E+02   0.160000E+02   0.100000E+02
   0.150000E+02   0.150000E+02   0.130000E+02   0.150000E+02   0.210000E+02
   0.180000E+02   0.120000E+02   0.700000E+01   0.150000E+02   0.200000E+02
   0.150000E+02   0.150000E+02   0.170000E+02   0.240000E+02   0.200000E+02
   0.100000E+02   0.200000E+02   0.160000E+02   0.250000E+02   0.240000E+02
   0.150000E+02   0.190000E+02   0.160000E+02   0.130000E+02   0.230000E+02
   0.160000E+02   0.160000E+02   0.240000E+02   0.130000E+02   0.140000E+02
   0.160000E+02   0.230000E+02   0.140000E+02   0.180000E+02   0.100000E+02
   0.200000E+02   0.150000E+02   0.130000E+02   0.100000E+02   0.120000E+02
   0.100000E+02   0.600000E+01   0.220000E+02   0.160000E+02   0.150000E+02
   0.110000E+02   0.140000E+02   0.170000E+02   0.160000E+02   0.120000E+02
   0.150000E+02   0.230000E+02   0.160000E+02   0.110000E+02   0.150000E+02
   0.180000E+02   0.170000E+02   0.130000E+02   0.240000E+02   0.210000E+02
 
 
   TEST DATA:     (]BASED ON 10000 SAMPLES])
   ..........
                    MEAN           STD.DEV.       SKEWNESS       EXCESS
 
   TRUE VALUES:   0.150000E+02   0.387298E+01   0.258199E+00   0.666667E-01
   SAMPLE DATA:   0.150249E+02   0.389098E+01   0.229720E+00   0.655844E-01
 
 
 
                                           POISSON-(MU):  MU = 0.200000E+02
                                           --------------------------------
   FIRST 100 SAMPLES:
   ..................
 
   0.210000E+02   0.170000E+02   0.220000E+02   0.160000E+02   0.300000E+02
   0.160000E+02   0.190000E+02   0.200000E+02   0.270000E+02   0.250000E+02
   0.320000E+02   0.230000E+02   0.150000E+02   0.250000E+02   0.210000E+02
   0.140000E+02   0.110000E+02   0.150000E+02   0.300000E+02   0.170000E+02
   0.130000E+02   0.240000E+02   0.230000E+02   0.230000E+02   0.170000E+02
   0.250000E+02   0.200000E+02   0.220000E+02   0.160000E+02   0.170000E+02
   0.160000E+02   0.180000E+02   0.170000E+02   0.170000E+02   0.220000E+02
   0.230000E+02   0.190000E+02   0.180000E+02   0.250000E+02   0.180000E+02
   0.210000E+02   0.220000E+02   0.150000E+02   0.200000E+02   0.200000E+02
   0.180000E+02   0.200000E+02   0.270000E+02   0.240000E+02   0.170000E+02
   0.110000E+02   0.200000E+02   0.260000E+02   0.200000E+02   0.200000E+02
   0.230000E+02   0.300000E+02   0.260000E+02   0.140000E+02   0.260000E+02
   0.210000E+02   0.320000E+02   0.300000E+02   0.210000E+02   0.250000E+02
   0.210000E+02   0.180000E+02   0.290000E+02   0.210000E+02   0.210000E+02
   0.300000E+02   0.180000E+02   0.190000E+02   0.210000E+02   0.290000E+02
   0.190000E+02   0.230000E+02   0.140000E+02   0.250000E+02   0.200000E+02
   0.180000E+02   0.140000E+02   0.170000E+02   0.140000E+02   0.100000E+02
   0.290000E+02   0.210000E+02   0.200000E+02   0.160000E+02   0.190000E+02
   0.230000E+02   0.210000E+02   0.170000E+02   0.200000E+02   0.300000E+02
   0.210000E+02   0.150000E+02   0.210000E+02   0.230000E+02   0.230000E+02
 
 
   TEST DATA:     (]BASED ON 10000 SAMPLES])
   ..........
                    MEAN           STD.DEV.       SKEWNESS       EXCESS
 
   TRUE VALUES:   0.200000E+02   0.447214E+01   0.223607E+00   0.500000E-01
   SAMPLE DATA:   0.200175E+02   0.447169E+01   0.181078E+00   0.397089E-01
 
 
 
                                           POISSON-(MU):  MU = 0.250000E+02
                                           --------------------------------
   FIRST 100 SAMPLES:
   ..................
 
   0.260000E+02   0.220000E+02   0.270000E+02   0.210000E+02   0.170000E+02
   0.210000E+02   0.200000E+02   0.240000E+02   0.250000E+02   0.330000E+02
   0.300000E+02   0.380000E+02   0.280000E+02   0.200000E+02   0.300000E+02
   0.260000E+02   0.190000E+02   0.150000E+02   0.190000E+02   0.360000E+02
   0.220000E+02   0.180000E+02   0.290000E+02   0.280000E+02   0.280000E+02
   0.220000E+02   0.310000E+02   0.250000E+02   0.270000E+02   0.200000E+02
   0.220000E+02   0.210000E+02   0.230000E+02   0.220000E+02   0.210000E+02
   0.270000E+02   0.280000E+02   0.240000E+02   0.230000E+02   0.310000E+02
   0.230000E+02   0.270000E+02   0.270000E+02   0.190000E+02   0.250000E+02
   0.250000E+02   0.230000E+02   0.250000E+02   0.330000E+02   0.290000E+02
   0.210000E+02   0.150000E+02   0.260000E+02   0.320000E+02   0.250000E+02
   0.250000E+02   0.280000E+02   0.370000E+02   0.320000E+02   0.180000E+02
   0.180000E+02   0.230000E+02   0.290000E+02   0.270000E+02   0.390000E+02
   0.360000E+02   0.260000E+02   0.300000E+02   0.260000E+02   0.230000E+02
   0.350000E+02   0.260000E+02   0.260000E+02   0.370000E+02   0.230000E+02
   0.240000E+02   0.260000E+02   0.350000E+02   0.240000E+02   0.280000E+02
   0.190000E+02   0.310000E+02   0.250000E+02   0.230000E+02   0.180000E+02
   0.210000E+02   0.180000E+02   0.130000E+02   0.350000E+02   0.270000E+02
   0.260000E+02   0.200000E+02   0.240000E+02   0.280000E+02   0.270000E+02
   0.210000E+02   0.250000E+02   0.360000E+02   0.260000E+02   0.200000E+02
 
 
   TEST DATA:     (]BASED ON 10000 SAMPLES])
   ..........
                    MEAN           STD.DEV.       SKEWNESS       EXCESS
 
   TRUE VALUES:   0.250000E+02   0.500000E+01   0.200000E+00   0.400000E-01
   SAMPLE DATA:   0.250167E+02   0.500293E+01   0.159597E+00   0.293765E-01
 
 
 
                                           POISSON-(MU):  MU = 0.300000E+02
                                           --------------------------------
   FIRST 100 SAMPLES:
   ..................
 
   0.310000E+02   0.270000E+02   0.320000E+02   0.250000E+02   0.210000E+02
   0.260000E+02   0.250000E+02   0.290000E+02   0.300000E+02   0.390000E+02
   0.360000E+02   0.440000E+02   0.330000E+02   0.240000E+02   0.360000E+02
   0.310000E+02   0.230000E+02   0.190000E+02   0.240000E+02   0.420000E+02
   0.260000E+02   0.220000E+02   0.350000E+02   0.330000E+02   0.340000E+02
   0.270000E+02   0.370000E+02   0.300000E+02   0.320000E+02   0.250000E+02
   0.270000E+02   0.250000E+02   0.280000E+02   0.260000E+02   0.260000E+02
   0.320000E+02   0.340000E+02   0.290000E+02   0.280000E+02   0.360000E+02
   0.280000E+02   0.320000E+02   0.320000E+02   0.240000E+02   0.300000E+02
   0.300000E+02   0.280000E+02   0.310000E+02   0.390000E+02   0.350000E+02
   0.260000E+02   0.190000E+02   0.310000E+02   0.380000E+02   0.300000E+02
   0.310000E+02   0.340000E+02   0.430000E+02   0.380000E+02   0.230000E+02
   0.380000E+02   0.320000E+02   0.450000E+02   0.420000E+02   0.310000E+02
   0.360000E+02   0.310000E+02   0.280000E+02   0.410000E+02   0.310000E+02
   0.310000E+02   0.430000E+02   0.280000E+02   0.290000E+02   0.310000E+02
   0.410000E+02   0.280000E+02   0.340000E+02   0.230000E+02   0.370000E+02
   0.300000E+02   0.270000E+02   0.350000E+02   0.260000E+02   0.220000E+02
   0.170000E+02   0.410000E+02   0.320000E+02   0.310000E+02   0.250000E+02
   0.290000E+02   0.340000E+02   0.320000E+02   0.260000E+02   0.310000E+02
   0.390000E+02   0.260000E+02   0.320000E+02   0.240000E+02   0.310000E+02
 
 
   TEST DATA:     (]BASED ON 10000 SAMPLES])
   ..........
                    MEAN           STD.DEV.       SKEWNESS       EXCESS
 
   TRUE VALUES:   0.300000E+02   0.547723E+01   0.182574E+00   0.333333E-01
   SAMPLE DATA:   0.300393E+02   0.549505E+01   0.144802E+00   0.371408E-01
 
 
 
                                           POISSON-(MU):  MU = 0.400000E+02
                                           --------------------------------
   FIRST 100 SAMPLES:
   ..................
 
   0.420000E+02   0.370000E+02   0.420000E+02   0.350000E+02   0.300000E+02
   0.360000E+02   0.340000E+02   0.390000E+02   0.400000E+02   0.500000E+02
   0.470000E+02   0.570000E+02   0.440000E+02   0.340000E+02   0.470000E+02
   0.410000E+02   0.320000E+02   0.280000E+02   0.330000E+02   0.540000E+02
   0.360000E+02   0.310000E+02   0.460000E+02   0.440000E+02   0.440000E+02
   0.370000E+02   0.480000E+02   0.400000E+02   0.420000E+02   0.340000E+02
   0.360000E+02   0.350000E+02   0.380000E+02   0.360000E+02   0.360000E+02
   0.430000E+02   0.440000E+02   0.390000E+02   0.370000E+02   0.380000E+02
   0.420000E+02   0.430000E+02   0.330000E+02   0.400000E+02   0.400000E+02
   0.370000E+02   0.500000E+02   0.450000E+02   0.350000E+02   0.280000E+02
   0.410000E+02   0.490000E+02   0.400000E+02   0.410000E+02   0.440000E+02
   0.550000E+02   0.490000E+02   0.320000E+02   0.310000E+02   0.370000E+02
   0.420000E+02   0.570000E+02   0.550000E+02   0.410000E+02   0.470000E+02
   0.410000E+02   0.380000E+02   0.530000E+02   0.420000E+02   0.410000E+02
   0.270000E+02   0.340000E+02   0.370000E+02   0.410000E+02   0.530000E+02
   0.380000E+02   0.450000E+02   0.320000E+02   0.480000E+02   0.410000E+02
   0.370000E+02   0.460000E+02   0.360000E+02   0.310000E+02   0.260000E+02
   0.530000E+02   0.420000E+02   0.410000E+02   0.340000E+02   0.390000E+02
   0.440000E+02   0.420000E+02   0.350000E+02   0.410000E+02   0.510000E+02
   0.350000E+02   0.420000E+02   0.340000E+02   0.410000E+02   0.450000E+02
 
 
   TEST DATA:     (]BASED ON 10000 SAMPLES])
   ..........
                    MEAN           STD.DEV.       SKEWNESS       EXCESS
 
   TRUE VALUES:   0.400000E+02   0.632456E+01   0.158114E+00   0.250000E-01
   SAMPLE DATA:   0.400200E+02   0.636490E+01   0.106643E+00   0.244169E-01
 
 
 
                                           POISSON-(MU):  MU = 0.500000E+02
                                           --------------------------------
   FIRST 100 SAMPLES:
   ..................
 
   0.520000E+02   0.460000E+02   0.530000E+02   0.440000E+02   0.380000E+02
   0.450000E+02   0.430000E+02   0.480000E+02   0.500000E+02   0.610000E+02
   0.580000E+02   0.690000E+02   0.540000E+02   0.430000E+02   0.580000E+02
   0.520000E+02   0.410000E+02   0.360000E+02   0.420000E+02   0.660000E+02
   0.460000E+02   0.400000E+02   0.560000E+02   0.540000E+02   0.550000E+02
   0.460000E+02   0.590000E+02   0.500000E+02   0.530000E+02   0.440000E+02
   0.460000E+02   0.440000E+02   0.480000E+02   0.460000E+02   0.450000E+02
   0.530000E+02   0.550000E+02   0.490000E+02   0.470000E+02   0.480000E+02
   0.530000E+02   0.530000E+02   0.420000E+02   0.500000E+02   0.500000E+02
   0.470000E+02   0.610000E+02   0.560000E+02   0.450000E+02   0.360000E+02
   0.510000E+02   0.600000E+02   0.500000E+02   0.510000E+02   0.550000E+02
   0.670000E+02   0.600000E+02   0.410000E+02   0.400000E+02   0.470000E+02
   0.530000E+02   0.700000E+02   0.660000E+02   0.510000E+02   0.580000E+02
   0.520000E+02   0.470000E+02   0.410000E+02   0.410000E+02   0.520000E+02
   0.350000E+02   0.440000E+02   0.470000E+02   0.510000E+02   0.650000E+02
   0.480000E+02   0.550000E+02   0.410000E+02   0.590000E+02   0.510000E+02
   0.470000E+02   0.570000E+02   0.450000E+02   0.400000E+02   0.340000E+02
   0.640000E+02   0.530000E+02   0.510000E+02   0.440000E+02   0.490000E+02
   0.550000E+02   0.520000E+02   0.450000E+02   0.510000E+02   0.620000E+02
   0.450000E+02   0.520000E+02   0.430000E+02   0.510000E+02   0.550000E+02
 
 
   TEST DATA:     (]BASED ON 10000 SAMPLES])
   ..........
                    MEAN           STD.DEV.       SKEWNESS       EXCESS
 
   TRUE VALUES:   0.500000E+02   0.707107E+01   0.141421E+00   0.200000E-01
   SAMPLE DATA:   0.499802E+02   0.709525E+01   0.923532E-01   0.171702E-01
 
 
 
                                           POISSON-(MU):  MU = 0.750000E+02
                                           --------------------------------
   FIRST 100 SAMPLES:
   ..................
 
   0.780000E+02   0.710000E+02   0.780000E+02   0.680000E+02   0.610000E+02
   0.690000E+02   0.670000E+02   0.730000E+02   0.750000E+02   0.890000E+02
   0.850000E+02   0.980000E+02   0.800000E+02   0.660000E+02   0.840000E+02
   0.770000E+02   0.640000E+02   0.580000E+02   0.660000E+02   0.940000E+02
   0.700000E+02   0.630000E+02   0.830000E+02   0.810000E+02   0.810000E+02
   0.700000E+02   0.860000E+02   0.750000E+02   0.790000E+02   0.670000E+02
   0.700000E+02   0.680000E+02   0.730000E+02   0.700000E+02   0.690000E+02
   0.790000E+02   0.810000E+02   0.740000E+02   0.720000E+02   0.720000E+02
   0.790000E+02   0.650000E+02   0.750000E+02   0.760000E+02   0.710000E+02
   0.890000E+02   0.820000E+02   0.690000E+02   0.580000E+02   0.760000E+02
   0.880000E+02   0.750000E+02   0.760000E+02   0.810000E+02   0.950000E+02
   0.880000E+02   0.640000E+02   0.630000E+02   0.710000E+02   0.780000E+02
   0.990000E+02   0.950000E+02   0.770000E+02   0.850000E+02   0.770000E+02
   0.720000E+02   0.640000E+02   0.640000E+02   0.770000E+02   0.570000E+02
   0.680000E+02   0.720000E+02   0.770000E+02   0.930000E+02   0.730000E+02
   0.810000E+02   0.640000E+02   0.860000E+02   0.760000E+02   0.710000E+02
   0.840000E+02   0.690000E+02   0.630000E+02   0.550000E+02   0.920000E+02
   0.780000E+02   0.760000E+02   0.670000E+02   0.730000E+02   0.810000E+02
   0.780000E+02   0.690000E+02   0.760000E+02   0.900000E+02   0.690000E+02
   0.780000E+02   0.660000E+02   0.770000E+02   0.810000E+02   0.810000E+02
 
 
   TEST DATA:     (]BASED ON 10000 SAMPLES])
   ..........
                    MEAN           STD.DEV.       SKEWNESS       EXCESS
 
   TRUE VALUES:   0.750000E+02   0.866025E+01   0.115470E+00   0.133333E-01
   SAMPLE DATA:   0.749955E+02   0.869360E+01   0.778540E-01   0.454855E-02
 
 
 
                                           POISSON-(MU):  MU = 0.100000E+03
                                           --------------------------------
   FIRST 100 SAMPLES:
   ..................
 
   0.103000E+03   0.950000E+02   0.104000E+03   0.920000E+02   0.840000E+02
   0.930000E+02   0.910000E+02   0.980000E+02   0.100000E+03   0.116000E+03
   0.111000E+03   0.810000E+02   0.105000E+03   0.900000E+02   0.100000E+03
   0.107000E+03   0.700000E+02   0.120000E+03   0.111000E+03   0.102000E+03
   0.880000E+02   0.810000E+02   0.890000E+02   0.122000E+03   0.940000E+02
   0.860000E+02   0.109000E+03   0.107000E+03   0.107000E+03   0.950000E+02
   0.112000E+03   0.100000E+03   0.104000E+03   0.910000E+02   0.940000E+02
   0.920000E+02   0.970000E+02   0.100000E+03   0.930000E+02   0.105000E+03
   0.107000E+03   0.990000E+02   0.960000E+02   0.970000E+02   0.105000E+03
   0.890000E+02   0.100000E+03   0.101000E+03   0.960000E+02   0.116000E+03
   0.109000E+03   0.930000E+02   0.810000E+02   0.102000E+03   0.115000E+03
   0.100000E+03   0.101000E+03   0.107000E+03   0.124000E+03   0.115000E+03
   0.870000E+02   0.860000E+02   0.960000E+02   0.104000E+03   0.128000E+03
   0.123000E+03   0.102000E+03   0.111000E+03   0.102000E+03   0.960000E+02
   0.870000E+02   0.870000E+02   0.103000E+03   0.790000E+02   0.910000E+02
   0.960000E+02   0.102000E+03   0.121000E+03   0.980000E+02   0.107000E+03
   0.880000E+02   0.113000E+03   0.101000E+03   0.960000E+02   0.110000E+03
   0.930000E+02   0.870000E+02   0.770000E+02   0.120000E+03   0.104000E+03
   0.102000E+03   0.910000E+02   0.980000E+02   0.107000E+03   0.104000E+03
   0.930000E+02   0.101000E+03   0.118000E+03   0.930000E+02   0.103000E+03
 
 
   TEST DATA:     (]BASED ON 10000 SAMPLES])
   ..........
                    MEAN           STD.DEV.       SKEWNESS       EXCESS
 
   TRUE VALUES:   0.100000E+03   0.100000E+02   0.100000E+00   0.100000E-01
   SAMPLE DATA:   0.999551E+02   0.100625E+02   0.563643E-01  -0.287457E-01
 
 
 
                                           POISSON-(MU):  MU = 0.150000E+03
                                           --------------------------------
   FIRST 100 SAMPLES:
   ..................
 
   0.154000E+03   0.144000E+03   0.155000E+03   0.140000E+03   0.130000E+03
   0.142000E+03   0.139000E+03   0.148000E+03   0.150000E+03   0.170000E+03
   0.164000E+03   0.127000E+03   0.157000E+03   0.138000E+03   0.150000E+03
   0.159000E+03   0.114000E+03   0.174000E+03   0.163000E+03   0.153000E+03
   0.135000E+03   0.126000E+03   0.137000E+03   0.177000E+03   0.143000E+03
   0.133000E+03   0.161000E+03   0.158000E+03   0.159000E+03   0.144000E+03
   0.165000E+03   0.150000E+03   0.155000E+03   0.139000E+03   0.143000E+03
   0.140000E+03   0.147000E+03   0.150000E+03   0.142000E+03   0.156000E+03
   0.159000E+03   0.149000E+03   0.146000E+03   0.146000E+03   0.156000E+03
   0.136000E+03   0.150000E+03   0.151000E+03   0.145000E+03   0.170000E+03
   0.161000E+03   0.142000E+03   0.127000E+03   0.152000E+03   0.168000E+03
   0.151000E+03   0.152000E+03   0.159000E+03   0.179000E+03   0.168000E+03
   0.135000E+03   0.133000E+03   0.145000E+03   0.155000E+03   0.184000E+03
   0.179000E+03   0.153000E+03   0.164000E+03   0.153000E+03   0.146000E+03
   0.134000E+03   0.134000E+03   0.153000E+03   0.124000E+03   0.140000E+03
   0.146000E+03   0.153000E+03   0.176000E+03   0.147000E+03   0.135000E+03
   0.166000E+03   0.152000E+03   0.145000E+03   0.163000E+03   0.142000E+03
   0.134000E+03   0.122000E+03   0.175000E+03   0.155000E+03   0.152000E+03
   0.140000E+03   0.148000E+03   0.159000E+03   0.154000E+03   0.142000E+03
   0.152000E+03   0.172000E+03   0.141000E+03   0.154000E+03   0.138000E+03
 
 
   TEST DATA:     (]BASED ON 10000 SAMPLES])
   ..........
                    MEAN           STD.DEV.       SKEWNESS       EXCESS
 
   TRUE VALUES:   0.150000E+03   0.122474E+02   0.816497E-01   0.666667E-02
   SAMPLE DATA:   0.149904E+03   0.123447E+02   0.417839E-01  -0.290799E-01
 
 
 
                                           POISSON-(MU):  MU = 0.200000E+03
                                           --------------------------------
   FIRST 100 SAMPLES:
   ..................
 
   0.205000E+03   0.193000E+03   0.206000E+03   0.189000E+03   0.177000E+03
   0.191000E+03   0.187000E+03   0.197000E+03   0.223000E+03   0.216000E+03
   0.173000E+03   0.208000E+03   0.186000E+03   0.200000E+03   0.211000E+03
   0.158000E+03   0.228000E+03   0.216000E+03   0.204000E+03   0.183000E+03
   0.173000E+03   0.185000E+03   0.232000E+03   0.192000E+03   0.180000E+03
   0.213000E+03   0.209000E+03   0.211000E+03   0.193000E+03   0.218000E+03
   0.201000E+03   0.206000E+03   0.188000E+03   0.192000E+03   0.188000E+03
   0.196000E+03   0.200000E+03   0.191000E+03   0.207000E+03   0.210000E+03
   0.199000E+03   0.195000E+03   0.196000E+03   0.207000E+03   0.184000E+03
   0.200000E+03   0.201000E+03   0.194000E+03   0.223000E+03   0.212000E+03
   0.190000E+03   0.173000E+03   0.202000E+03   0.221000E+03   0.201000E+03
   0.202000E+03   0.210000E+03   0.234000E+03   0.221000E+03   0.182000E+03
   0.180000E+03   0.195000E+03   0.206000E+03   0.240000E+03   0.233000E+03
   0.203000E+03   0.216000E+03   0.204000E+03   0.195000E+03   0.182000E+03
   0.182000E+03   0.204000E+03   0.170000E+03   0.188000E+03   0.195000E+03
   0.203000E+03   0.230000E+03   0.197000E+03   0.183000E+03   0.218000E+03
   0.202000E+03   0.194000E+03   0.215000E+03   0.191000E+03   0.181000E+03
   0.168000E+03   0.229000E+03   0.206000E+03   0.202000E+03   0.188000E+03
   0.198000E+03   0.210000E+03   0.205000E+03   0.191000E+03   0.202000E+03
   0.225000E+03   0.190000E+03   0.205000E+03   0.186000E+03   0.203000E+03
 
 
   TEST DATA:     (]BASED ON 10000 SAMPLES])
   ..........
                    MEAN           STD.DEV.       SKEWNESS       EXCESS
 
   TRUE VALUES:   0.200000E+03   0.141421E+02   0.707107E-01   0.500000E-02
   SAMPLE DATA:   0.199879E+03   0.142144E+02   0.279563E-01  -0.287664E-01
 
 
 
                                           POISSON-(MU):  MU = 0.500000E+03
                                           --------------------------------
   FIRST 100 SAMPLES:
   ..................
 
   0.507000E+03   0.489000E+03   0.510000E+03   0.483000E+03   0.464000E+03
   0.486000E+03   0.480000E+03   0.496000E+03   0.537000E+03   0.526000E+03
   0.458000E+03   0.513000E+03   0.478000E+03   0.500000E+03   0.517000E+03
   0.434000E+03   0.544000E+03   0.525000E+03   0.506000E+03   0.473000E+03
   0.457000E+03   0.476000E+03   0.550000E+03   0.487000E+03   0.469000E+03
   0.521000E+03   0.515000E+03   0.517000E+03   0.489000E+03   0.528000E+03
   0.501000E+03   0.510000E+03   0.481000E+03   0.488000E+03   0.482000E+03
   0.494000E+03   0.501000E+03   0.485000E+03   0.511000E+03   0.516000E+03
   0.499000E+03   0.492000E+03   0.493000E+03   0.511000E+03   0.475000E+03
   0.501000E+03   0.502000E+03   0.491000E+03   0.537000E+03   0.520000E+03
   0.485000E+03   0.458000E+03   0.504000E+03   0.533000E+03   0.502000E+03
   0.504000E+03   0.516000E+03   0.553000E+03   0.534000E+03   0.473000E+03
   0.469000E+03   0.492000E+03   0.509000E+03   0.563000E+03   0.553000E+03
   0.505000E+03   0.526000E+03   0.506000E+03   0.493000E+03   0.472000E+03
   0.471000E+03   0.506000E+03   0.454000E+03   0.481000E+03   0.492000E+03
   0.505000E+03   0.548000E+03   0.495000E+03   0.473000E+03   0.529000E+03
   0.503000E+03   0.491000E+03   0.524000E+03   0.485000E+03   0.471000E+03
   0.450000E+03   0.546000E+03   0.509000E+03   0.504000E+03   0.481000E+03
   0.496000E+03   0.508000E+03   0.485000E+03   0.504000E+03   0.540000E+03
   0.485000E+03   0.508000E+03   0.479000E+03   0.505000E+03   0.518000E+03
 
 
   TEST DATA:     (]BASED ON 10000 SAMPLES])
   ..........
                    MEAN           STD.DEV.       SKEWNESS       EXCESS
 
   TRUE VALUES:   0.500000E+03   0.223607E+02   0.447214E-01   0.200000E-02
   SAMPLE DATA:   0.499904E+03   0.224956E+02  -0.350810E-02   0.935841E-02
 
 
 
                                           POISSON-(MU):  MU = 0.100000E+04
                                           --------------------------------
   FIRST 100 SAMPLES:
   ..................
 
   0.101100E+04   0.985000E+03   0.101400E+04   0.975000E+03   0.950000E+03
   0.980000E+03   0.972000E+03   0.995000E+03   0.105200E+04   0.103700E+04
   0.940000E+03   0.101800E+04   0.969000E+03   0.100000E+04   0.102500E+04
   0.907000E+03   0.106300E+04   0.103500E+04   0.100900E+04   0.963000E+03
   0.940000E+03   0.967000E+03   0.107200E+04   0.982000E+03   0.956000E+03
   0.103000E+04   0.102200E+04   0.102400E+04   0.985000E+03   0.104000E+04
   0.100200E+04   0.101400E+04   0.973000E+03   0.983000E+03   0.975000E+03
   0.992000E+03   0.100100E+04   0.980000E+03   0.101600E+04   0.102300E+04
   0.998000E+03   0.989000E+03   0.991000E+03   0.101500E+04   0.965000E+03
   0.100100E+04   0.100400E+04   0.988000E+03   0.105300E+04   0.969000E+03
   0.105900E+04   0.987000E+03   0.973000E+03   0.979000E+03   0.940000E+03
   0.100600E+04   0.104700E+04   0.100300E+04   0.100600E+04   0.102300E+04
   0.107600E+04   0.104800E+04   0.961000E+03   0.957000E+03   0.988000E+03
   0.101300E+04   0.108900E+04   0.107500E+04   0.100800E+04   0.103700E+04
   0.100900E+04   0.990000E+03   0.960000E+03   0.960000E+03   0.100900E+04
   0.935000E+03   0.974000E+03   0.989000E+03   0.100800E+04   0.106800E+04
   0.993000E+03   0.962000E+03   0.104200E+04   0.100500E+04   0.988000E+03
   0.103300E+04   0.980000E+03   0.959000E+03   0.930000E+03   0.106500E+04
   0.101300E+04   0.100600E+04   0.974000E+03   0.995000E+03   0.101200E+04
   0.979000E+03   0.100600E+04   0.105600E+04   0.979000E+03   0.101100E+04
 
 
   TEST DATA:     (]BASED ON 10000 SAMPLES])
   ..........
                    MEAN           STD.DEV.       SKEWNESS       EXCESS
 
   TRUE VALUES:   0.100000E+04   0.316228E+02   0.316228E-01   0.100000E-02
   SAMPLE DATA:   0.999882E+03   0.317869E+02  -0.154296E-01   0.125611E-01
 
 
 
                                           POISSON-(MU):  MU = 0.200000E+04
                                           --------------------------------
   FIRST 100 SAMPLES:
   ..................
 
   0.201500E+04   0.197900E+04   0.202000E+04   0.196600E+04   0.192900E+04
   0.197200E+04   0.196100E+04   0.199300E+04   0.207400E+04   0.205300E+04
   0.191600E+04   0.202600E+04   0.195600E+04   0.200100E+04   0.203500E+04
   0.186800E+04   0.208900E+04   0.205000E+04   0.201200E+04   0.194700E+04
   0.191500E+04   0.195300E+04   0.210100E+04   0.197400E+04   0.193800E+04
   0.204200E+04   0.203100E+04   0.203500E+04   0.197900E+04   0.205700E+04
   0.200300E+04   0.202000E+04   0.196200E+04   0.197600E+04   0.196500E+04
   0.198900E+04   0.200200E+04   0.197100E+04   0.202200E+04   0.203300E+04
   0.199800E+04   0.198500E+04   0.198700E+04   0.202200E+04   0.195100E+04
   0.200200E+04   0.200500E+04   0.198300E+04   0.207500E+04   0.195600E+04
   0.208400E+04   0.198200E+04   0.196200E+04   0.197000E+04   0.191600E+04
   0.200900E+04   0.206700E+04   0.200400E+04   0.200800E+04   0.203200E+04
   0.210700E+04   0.206800E+04   0.194600E+04   0.193900E+04   0.198400E+04
   0.201900E+04   0.212600E+04   0.210600E+04   0.201100E+04   0.205300E+04
   0.201200E+04   0.198600E+04   0.194400E+04   0.194300E+04   0.201300E+04
   0.190800E+04   0.196300E+04   0.198500E+04   0.201100E+04   0.209600E+04
   0.199100E+04   0.194600E+04   0.205900E+04   0.200700E+04   0.198300E+04
   0.204800E+04   0.197100E+04   0.194200E+04   0.190100E+04   0.209200E+04
   0.201900E+04   0.200900E+04   0.196300E+04   0.199300E+04   0.201700E+04
   0.197100E+04   0.200800E+04   0.193600E+04   0.201500E+04   0.201000E+04
 
 
   TEST DATA:     (]BASED ON 10000 SAMPLES])
   ..........
                    MEAN           STD.DEV.       SKEWNESS       EXCESS
 
   TRUE VALUES:   0.200000E+04   0.447214E+02   0.223607E-01   0.500000E-03
   SAMPLE DATA:   0.199973E+04   0.449914E+02  -0.220948E-01   0.497317E-02
 
 
 
                                           POISSON-(MU):  MU = 0.500000E+04
                                           --------------------------------
   FIRST 100 SAMPLES:
   ..................
 
   0.502500E+04   0.496800E+04   0.503200E+04   0.494600E+04   0.488800E+04
   0.495600E+04   0.493900E+04   0.498900E+04   0.511700E+04   0.508400E+04
   0.486700E+04   0.504100E+04   0.493100E+04   0.500200E+04   0.505600E+04
   0.479200E+04   0.514200E+04   0.508000E+04   0.502000E+04   0.491700E+04
   0.486600E+04   0.492700E+04   0.516100E+04   0.496000E+04   0.490200E+04
   0.506700E+04   0.504900E+04   0.505500E+04   0.496700E+04   0.509000E+04
   0.500500E+04   0.503200E+04   0.494000E+04   0.496200E+04   0.494400E+04
   0.498300E+04   0.500300E+04   0.495500E+04   0.503500E+04   0.505200E+04
   0.499600E+04   0.508600E+04   0.498000E+04   0.503500E+04   0.492200E+04
   0.500400E+04   0.500900E+04   0.497400E+04   0.511900E+04   0.493100E+04
   0.513400E+04   0.497200E+04   0.494000E+04   0.495300E+04   0.486700E+04
   0.501400E+04   0.510600E+04   0.500600E+04   0.501300E+04   0.505200E+04
   0.517000E+04   0.510800E+04   0.491400E+04   0.490400E+04   0.497500E+04
   0.503000E+04   0.520000E+04   0.516700E+04   0.501800E+04   0.508400E+04
   0.502000E+04   0.497800E+04   0.491200E+04   0.491100E+04   0.502100E+04
   0.485400E+04   0.494300E+04   0.497700E+04   0.501800E+04   0.515200E+04
   0.498500E+04   0.491600E+04   0.509400E+04   0.501100E+04   0.497400E+04
   0.507600E+04   0.495500E+04   0.490900E+04   0.484300E+04   0.514600E+04
   0.503000E+04   0.501400E+04   0.494200E+04   0.499000E+04   0.502800E+04
   0.495500E+04   0.501300E+04   0.489900E+04   0.502400E+04   0.501600E+04
 
 
   TEST DATA:     (]BASED ON 10000 SAMPLES])
   ..........
                    MEAN           STD.DEV.       SKEWNESS       EXCESS
 
   TRUE VALUES:   0.500000E+04   0.707107E+02   0.141421E-01   0.200000E-03
   SAMPLE DATA:   0.499967E+04   0.712091E+02  -0.342898E-01   0.548649E-02
 
 
 
                                           POISSON-(MU):  MU = 0.100000E+05
                                           --------------------------------
   FIRST 100 SAMPLES:
   ..................
 
   0.100350E+05   0.995500E+04   0.100450E+05   0.992400E+04   0.984200E+04
   0.993800E+04   0.991400E+04   0.998400E+04   0.101660E+05   0.101190E+05
   0.981300E+04   0.100580E+05   0.990300E+04   0.100030E+05   0.100790E+05
   0.970600E+04   0.102010E+05   0.101130E+05   0.100280E+05   0.988300E+04
   0.981000E+04   0.989600E+04   0.102280E+05   0.994300E+04   0.986100E+04
   0.100950E+05   0.100700E+05   0.100780E+05   0.995300E+04   0.101280E+05
   0.100070E+05   0.100460E+05   0.991500E+04   0.994600E+04   0.992200E+04
   0.997700E+04   0.100040E+05   0.993600E+04   0.100500E+05   0.100740E+05
   0.999500E+04   0.101220E+05   0.997200E+04   0.100500E+05   0.989000E+04
   0.100050E+05   0.100130E+05   0.996400E+04   0.101690E+05   0.990300E+04
   0.101890E+05   0.996100E+04   0.991500E+04   0.993400E+04   0.981300E+04
   0.100210E+05   0.101500E+05   0.100090E+05   0.100190E+05   0.100730E+05
   0.102410E+05   0.101530E+05   0.987900E+04   0.986400E+04   0.996500E+04
   0.100430E+05   0.102830E+05   0.102370E+05   0.100250E+05   0.101190E+05
   0.100280E+05   0.996900E+04   0.987600E+04   0.987400E+04   0.100300E+05
   0.979400E+04   0.991900E+04   0.996700E+04   0.100260E+05   0.102160E+05
   0.998000E+04   0.988100E+04   0.101330E+05   0.100160E+05   0.996300E+04
   0.101070E+05   0.993700E+04   0.987100E+04   0.977900E+04   0.102060E+05
   0.100430E+05   0.100200E+05   0.991800E+04   0.998600E+04   0.100400E+05
   0.993600E+04   0.100190E+05   0.985700E+04   0.100340E+05   0.100230E+05
 
 
   TEST DATA:     (]BASED ON 10000 SAMPLES])
   ..........
                    MEAN           STD.DEV.       SKEWNESS       EXCESS
 
   TRUE VALUES:   0.100000E+05   0.100000E+03   0.100000E-01   0.100000E-03
   SAMPLE DATA:   0.999964E+04   0.100830E+03  -0.388479E-01   0.146546E-01
 
 
 
                                           POISSON-(MU):  MU = 0.100000E+06
                                           --------------------------------
   FIRST 100 SAMPLES:
   ..................
 
   0.100112E+06   0.998580E+05   0.100143E+06   0.997590E+05   0.995010E+05
   0.998040E+05   0.997280E+05   0.999510E+05   0.100527E+06   0.100379E+06
   0.994090E+05   0.100185E+06   0.996950E+05   0.100009E+06   0.100252E+06
   0.990720E+05   0.100635E+06   0.100358E+06   0.100090E+06   0.996300E+05
   0.994010E+05   0.996730E+05   0.100721E+06   0.998220E+05   0.995630E+05
   0.100300E+06   0.100223E+06   0.100249E+06   0.998530E+05   0.100406E+06
   0.100025E+06   0.100146E+06   0.997320E+05   0.998310E+05   0.997530E+05
   0.999270E+05   0.100014E+06   0.998000E+05   0.100160E+06   0.100234E+06
   0.999860E+05   0.100388E+06   0.999120E+05   0.100158E+06   0.996540E+05
   0.100018E+06   0.100041E+06   0.998860E+05   0.100535E+06   0.996950E+05
   0.100599E+06   0.998770E+05   0.997310E+05   0.997940E+05   0.994080E+05
   0.100067E+06   0.100475E+06   0.100030E+06   0.100060E+06   0.100232E+06
   0.100762E+06   0.100486E+06   0.996190E+05   0.995720E+05   0.998890E+05
   0.100136E+06   0.100896E+06   0.100750E+06   0.100081E+06   0.100378E+06
   0.100090E+06   0.999040E+05   0.996080E+05   0.996030E+05   0.100097E+06
   0.993510E+05   0.997450E+05   0.998980E+05   0.100084E+06   0.100683E+06
   0.999370E+05   0.996240E+05   0.100422E+06   0.100052E+06   0.998830E+05
   0.100339E+06   0.998000E+05   0.995930E+05   0.993010E+05   0.100652E+06
   0.100138E+06   0.100064E+06   0.997420E+05   0.999570E+05   0.100127E+06
   0.997990E+05   0.100062E+06   0.995490E+05   0.100108E+06   0.100073E+06
 
 
   TEST DATA:     (]BASED ON 10000 SAMPLES])
   ..........
                    MEAN           STD.DEV.       SKEWNESS       EXCESS
 
   TRUE VALUES:   0.100000E+06   0.316228E+03   0.316228E-02   0.100000E-04
   SAMPLE DATA:   0.999985E+05   0.319093E+03  -0.400319E-01   0.183411E-01
 
 
 
                                           POISSON-(MU):  MU = 0.100000E+07
                                           --------------------------------
   FIRST 100 SAMPLES:
   ..................
 
   0.100036E+07   0.999552E+06   0.100045E+07   0.999240E+06   0.998425E+06
   0.999383E+06   0.999141E+06   0.999845E+06   0.100167E+07   0.100120E+07
   0.998131E+06   0.100058E+07   0.999036E+06   0.100003E+07   0.100080E+07
   0.997066E+06   0.100201E+07   0.100113E+07   0.100028E+07   0.998831E+06
   0.998108E+06   0.998968E+06   0.100228E+07   0.999437E+06   0.998619E+06
   0.100095E+07   0.100071E+07   0.100079E+07   0.999535E+06   0.100128E+07
   0.100008E+07   0.100046E+07   0.999154E+06   0.999466E+06   0.999221E+06
   0.999771E+06   0.100004E+07   0.999369E+06   0.100051E+07   0.100074E+07
   0.999956E+06   0.100123E+07   0.999723E+06   0.100050E+07   0.998907E+06
   0.100006E+07   0.100013E+07   0.999640E+06   0.100169E+07   0.999037E+06
   0.100190E+07   0.999611E+06   0.999152E+06   0.999349E+06   0.998130E+06
   0.100021E+07   0.100150E+07   0.100010E+07   0.100019E+07   0.100074E+07
   0.100241E+07   0.100154E+07   0.998796E+06   0.998647E+06   0.999651E+06
   0.100043E+07   0.100283E+07   0.100237E+07   0.100026E+07   0.100120E+07
   0.100028E+07   0.999697E+06   0.998760E+06   0.998746E+06   0.100031E+07
   0.997948E+06   0.999195E+06   0.999678E+06   0.100027E+07   0.100216E+07
   0.999801E+06   0.998813E+06   0.100134E+07   0.100016E+07   0.999632E+06
   0.100107E+07   0.999370E+06   0.998714E+06   0.997792E+06   0.100206E+07
   0.100044E+07   0.100020E+07   0.999186E+06   0.999864E+06   0.100040E+07
   0.999367E+06   0.100020E+07   0.998576E+06   0.100034E+07   0.100023E+07
 
 
   TEST DATA:     (]BASED ON 10000 SAMPLES])
   ..........
                    MEAN           STD.DEV.       SKEWNESS       EXCESS
 
   TRUE VALUES:   0.100000E+07   0.100000E+04   0.100000E-02   0.100000E-05
   SAMPLE DATA:   0.999997E+06   0.100911E+04  -0.420993E-01   0.101550E-01
 
