ian@debian:~/youtube-dl-master$ cat impli.f08
        integer i
        real x(100)
        real y(100)
        x = (/ (i, i = 1, 100) /) * 0.1
        y = sin(x)*(1-cos(x))/3
         write (6,'(F8.1,F10.5/))')(0.1*i, sin(i*0.01)*(1-cos(i*0.01))/3, i=1,100)
        end program
ian@debian:~/youtube-dl-master$ gfortran impli.f08 -o impli
impli.f08:6:32:

          write (6,'(F8.1,F10.5/))')(0.1*i, sin(i*0.01)*(1-cos(i*0.01))/3, i=1,100)
                                1
Warning: Extraneous characters in format at (1)
ian@debian:~/youtube-dl-master$ ./impli
     0.1   0.00000

     0.2   0.00000

     0.3   0.00000

     0.4   0.00001

     0.5   0.00002

     0.6   0.00004

     0.7   0.00006

     0.8   0.00009

     0.9   0.00012

     1.0   0.00017

     1.1   0.00022

     1.2   0.00029

     1.3   0.00036

     1.4   0.00046

     1.5   0.00056

     1.6   0.00068

     1.7   0.00081

     1.8   0.00096

     1.9   0.00113

     2.0   0.00132

     2.1   0.00153

     2.2   0.00175

     2.3   0.00200

     2.4   0.00227

     2.5   0.00256

     2.6   0.00288

     2.7   0.00322

     2.8   0.00359

     2.9   0.00398

     3.0   0.00440

     3.1   0.00485

     3.2   0.00532

     3.3   0.00583

     3.4   0.00636

     3.5   0.00693

     3.6   0.00753

     3.7   0.00816

     3.8   0.00882

     3.9   0.00952

     4.0   0.01025

     4.1   0.01101

     4.2   0.01181

     4.3   0.01265

     4.4   0.01352

     4.5   0.01443

     4.6   0.01538

     4.7   0.01637

     4.8   0.01739

     4.9   0.01846

     5.0   0.01956

     5.1   0.02071

     5.2   0.02189

     5.3   0.02312

     5.4   0.02439

     5.5   0.02569

     5.6   0.02705

     5.7   0.02844

     5.8   0.02987

     5.9   0.03135

     6.0   0.03287

     6.1   0.03444

     6.2   0.03605

     6.3   0.03770

     6.4   0.03940

     6.5   0.04114

     6.6   0.04292

     6.7   0.04475

     6.8   0.04662

     6.9   0.04854

     7.0   0.05050

     7.1   0.05250

     7.2   0.05455

     7.3   0.05665

     7.4   0.05878

     7.5   0.06096

     7.6   0.06319

     7.7   0.06546

     7.8   0.06777

     7.9   0.07012

     8.0   0.07252

     8.1   0.07496

     8.2   0.07745

     8.3   0.07997

     8.4   0.08254

     8.5   0.08515

     8.6   0.08780

     8.7   0.09049

     8.8   0.09322

     8.9   0.09599

     9.0   0.09880

     9.1   0.10165

     9.2   0.10454

     9.3   0.10746

     9.4   0.11042

     9.5   0.11342

     9.6   0.11646

     9.7   0.11953

     9.8   0.12263

     9.9   0.12577

    10.0   0.12894

ian@debian:~/youtube-dl-master$ 

