ian@ian-HP-Stream-Notebook-PC-11:~/Downloads/CodeCode$ gfortran reada.f -o readaw
ian@ian-HP-Stream-Notebook-PC-11:~/Downloads/CodeCode$ ./readaw
           1
 Product code,Bureau of Meteorology station number,Year,Month,Day,Rainfall amount
           2
1972
           2
1972
 IDCJAC0009,086304,1972,01,01,,,                                                 
           2
           3
1972
 IDCJAC0009,086304,1972,01,02,,,                                                 
           3
           4
1972
 IDCJAC0009,086304,1972,01,03,,,                                                 
           4
           5
1972
 IDCJAC0009,086304,1972,01,04,,,                                                 
           5
           6
1972
 IDCJAC0009,086304,1972,01,05,,,                                                 
           6
           7
1972
 IDCJAC0009,086304,1972,01,06,,,                                                 
           7
           8
1972
 IDCJAC0009,086304,1972,01,07,,,                                                 
           8
           9
1972
 IDCJAC0009,086304,1972,01,08,,,                                                 
           9
          10
1972
 IDCJAC0009,086304,1972,01,09,,,                                                 
          10
          11
1972
 IDCJAC0009,086304,1972,01,10,,,                                                 
          11
          12
1972
 IDCJAC0009,086304,1972,01,11,,,                                                 
          12
          13
1972
 IDCJAC0009,086304,1972,01,12,,,                                                 
          13
          14
1972
 IDCJAC0009,086304,1972,01,13,,,                                                 
          14
          15
1972
 IDCJAC0009,086304,1972,01,14,,,                                                 
          15
          16
1972
 IDCJAC0009,086304,1972,01,15,,,                                                 
          16
          17
1972
 IDCJAC0009,086304,1972,01,16,,,                                                 
          17
          18
1972
 IDCJAC0009,086304,1972,01,17,,,                                                 
          18
          19
1972
 IDCJAC0009,086304,1972,01,18,,,                                                 
          19
          20
1972
 IDCJAC0009,086304,1972,01,19,,,                                                 
          20
          21
1972
 IDCJAC0009,086304,1972,01,20,,,                                                 
          21
          22
1972
 IDCJAC0009,086304,1972,01,21,,,                                                 
          22
          23
1972
 IDCJAC0009,086304,1972,01,22,,,                                                 
          23
          24
1972
 IDCJAC0009,086304,1972,01,23,,,                                                 
          24
          25
1972
 IDCJAC0009,086304,1972,01,24,,,                                                 
          25
          26
1972
 IDCJAC0009,086304,1972,01,25,,,                                                 
          26
          27
1972
 IDCJAC0009,086304,1972,01,26,,,                                                 
          27
          28
1972
 IDCJAC0009,086304,1972,01,27,,,                                                 
          28
          29
1972
 IDCJAC0009,086304,1972,01,28,,,                                                 
          29
          30
1972
 IDCJAC0009,086304,1972,01,29,,,                                                 
          30
          31
1972
 IDCJAC0009,086304,1972,01,30,,,                                                 
          31
          32
1972
 IDCJAC0009,086304,1972,01,31,,,                                                 
          32
          33
1972
 IDCJAC0009,086304,1972,02,01,0.0,,Y                                             
          33
          34
1972
 IDCJAC0009,086304,1972,02,02,0.0,,Y                                             
          34
          35
1972
 IDCJAC0009,086304,1972,02,03,0.0,,Y                                             
          35
          36
1972
 IDCJAC0009,086304,1972,02,04,0.0,,Y                                             
          36
          37
1972
 IDCJAC0009,086304,1972,02,05,0.0,,Y                                             
          37
          38
1972
 IDCJAC0009,086304,1972,02,06,,,                                                 
          38
          39
1972
 IDCJAC0009,086304,1972,02,07,2.0,2,Y                                            
          39
          40
1972
 IDCJAC0009,086304,1972,02,08,0.0,,Y                                             
          40
          41
1972
 IDCJAC0009,086304,1972,02,09,0.0,,Y                                             
          41
          42
1972
 IDCJAC0009,086304,1972,02,10,0.0,,Y                                             
          42
          43
1972
 IDCJAC0009,086304,1972,02,11,0.0,,Y                                             
          43
          44
1972
 IDCJAC0009,086304,1972,02,12,26.7,1,Y                                           
          44
          45
1972
 IDCJAC0009,086304,1972,02,13,7.9,1,Y                                            
          45
          46
1972
 IDCJAC0009,086304,1972,02,14,0.0,,Y                                             
          46
          47
1972
 IDCJAC0009,086304,1972,02,15,0.0,,Y                                             
          47
          48
1972
 IDCJAC0009,086304,1972,02,16,37.3,1,Y                                           
          48
          49
1972
 IDCJAC0009,086304,1972,02,17,36.1,1,Y                                           
          49
          50
1972
 IDCJAC0009,086304,1972,02,18,13.0,1,Y                                           
          50
          51
1972
 IDCJAC0009,086304,1972,02,19,1.5,1,Y                                            
          51
          52
1972
 IDCJAC0009,086304,1972,02,20,,,                                                 
          52
          53
1972
 IDCJAC0009,086304,1972,02,21,16.8,2,Y                                           
          53
          54
1972
 IDCJAC0009,086304,1972,02,22,22.9,1,Y                                           
          54
          55
1972
 IDCJAC0009,086304,1972,02,23,0.0,,Y                                             
          55
          56
1972
 IDCJAC0009,086304,1972,02,24,0.0,,Y                                             
          56
          57
1972
 IDCJAC0009,086304,1972,02,25,0.0,,Y                                             
          57
          58
1972
 IDCJAC0009,086304,1972,02,26,0.0,,Y                                             
          58
          59
1972
 IDCJAC0009,086304,1972,02,27,0.0,,Y                                             
          59
          60
1972
 IDCJAC0009,086304,1972,02,28,0.0,,Y                                             
          60
          61
1972
 IDCJAC0009,086304,1972,02,29,0.0,,Y                                             
          61
          62
1972
 IDCJAC0009,086304,1972,03,01,0.0,,Y                                             
          62
          63
1972
 IDCJAC0009,086304,1972,03,02,3.0,1,Y                                            
          63
          64
1972
 IDCJAC0009,086304,1972,03,03,10.4,1,Y                                           
          64
          65
1972
 IDCJAC0009,086304,1972,03,04,0.0,,Y                                             
          65
          66
1972
 IDCJAC0009,086304,1972,03,05,0.0,,Y                                             
          66
          67
1972
 IDCJAC0009,086304,1972,03,06,0.0,,Y                                             
          67
          68
1972
 IDCJAC0009,086304,1972,03,07,0.0,,Y                                             
          68
          69
1972
 IDCJAC0009,086304,1972,03,08,0.0,,Y                                             
          69
          70
1972
 IDCJAC0009,086304,1972,03,09,0.0,,Y                                             
          70
          71
1972
 IDCJAC0009,086304,1972,03,10,0.0,,Y                                             
          71
          72
1972
 IDCJAC0009,086304,1972,03,11,0.0,,Y                                             
          72
          73
1972
 IDCJAC0009,086304,1972,03,12,0.0,,Y                                             
          73
          74
1972
 IDCJAC0009,086304,1972,03,13,0.0,,Y                                             
          74
          75
1972
 IDCJAC0009,086304,1972,03,14,0.0,,Y                                             
          75
          76
1972
 IDCJAC0009,086304,1972,03,15,0.0,,Y                                             
          76
          77
1972
 IDCJAC0009,086304,1972,03,16,0.0,,Y                                             
          77
          78
1972
 IDCJAC0009,086304,1972,03,17,0.0,,Y                                             
          78
          79
1972
 IDCJAC0009,086304,1972,03,18,0.0,,Y                                             
          79
          80
1972
 IDCJAC0009,086304,1972,03,19,0.0,,Y                                             
          80
          81
1972
 IDCJAC0009,086304,1972,03,20,0.5,1,Y                                            
          81
          82
1972
 IDCJAC0009,086304,1972,03,21,0.0,,Y                                             
          82
          83
1972
 IDCJAC0009,086304,1972,03,22,0.3,1,Y                                            
          83
          84
1972
 IDCJAC0009,086304,1972,03,23,0.0,,Y                                             
          84
          85
1972
 IDCJAC0009,086304,1972,03,24,0.0,,Y                                             
          85
          86
1972
 IDCJAC0009,086304,1972,03,25,0.0,,Y                                             
          86
          87
1972
 IDCJAC0009,086304,1972,03,26,0.0,,Y                                             
          87
          88
1972
 IDCJAC0009,086304,1972,03,27,0.0,,Y                                             
          88
          89
1972
 IDCJAC0009,086304,1972,03,28,0.0,,Y                                             
          89
          90
1972
 IDCJAC0009,086304,1972,03,29,0.8,1,Y                                            
          90
          91
1972
 IDCJAC0009,086304,1972,03,30,0.0,,Y                                             
          91
          92
1972
 IDCJAC0009,086304,1972,03,31,0.0,,Y                                             
          92
          93
1972
 IDCJAC0009,086304,1972,04,01,0.0,,Y                                             
          93
          94
1972
 IDCJAC0009,086304,1972,04,02,0.0,,Y                                             
          94
          95
1972
 IDCJAC0009,086304,1972,04,03,0.0,,Y                                             
          95
          96
1972
 IDCJAC0009,086304,1972,04,04,1.3,1,Y                                            
          96
          97
1972
 IDCJAC0009,086304,1972,04,05,4.6,1,Y                                            
          97
          98
1972
 IDCJAC0009,086304,1972,04,06,0.0,,Y                                             
          98
          99
1972
 IDCJAC0009,086304,1972,04,07,0.0,,Y                                             
          99
         100
1972
 IDCJAC0009,086304,1972,04,08,0.0,,Y                                             
         100
         101
1972
 IDCJAC0009,086304,1972,04,09,,,                                                 
         101
         102
1972
 IDCJAC0009,086304,1972,04,10,23.4,2,Y                                           
         102
         103
1972
 IDCJAC0009,086304,1972,04,11,0.0,,Y                                             
         103
         104
1972
 IDCJAC0009,086304,1972,04,12,0.0,,Y                                             
         104
         105
1972
 IDCJAC0009,086304,1972,04,13,0.5,1,Y                                            
         105
         106
1972
 IDCJAC0009,086304,1972,04,14,6.9,1,Y                                            
         106
         107
1972
 IDCJAC0009,086304,1972,04,15,0.0,,Y                                             
         107
         108
1972
 IDCJAC0009,086304,1972,04,16,0.0,,Y                                             
         108
         109
1972
 IDCJAC0009,086304,1972,04,17,0.0,,Y                                             
         109
         110
1972
 IDCJAC0009,086304,1972,04,18,0.0,,Y                                             
         110
         111
1972
 IDCJAC0009,086304,1972,04,19,0.0,,Y                                             
         111
         112
1972
 IDCJAC0009,086304,1972,04,20,0.0,,Y                                             
         112
         113
1972
 IDCJAC0009,086304,1972,04,21,0.0,,Y                                             
         113
         114
1972
 IDCJAC0009,086304,1972,04,22,7.4,1,Y                                            
         114
         115
1972
 IDCJAC0009,086304,1972,04,23,,,                                                 
         115
         116
1972
 IDCJAC0009,086304,1972,04,24,14.5,2,Y                                           
         116
         117
1972
 IDCJAC0009,086304,1972,04,25,18.8,1,Y                                           
         117
         118
1972
 IDCJAC0009,086304,1972,04,26,0.0,,Y                                             
         118
         119
1972
 IDCJAC0009,086304,1972,04,27,0.8,1,Y                                            
         119
         120
1972
 IDCJAC0009,086304,1972,04,28,0.5,1,Y                                            
         120
         121
1972
 IDCJAC0009,086304,1972,04,29,0.0,,Y                                             
         121
         122
1972
 IDCJAC0009,086304,1972,04,30,0.0,,Y                                             
         122
         123
1972
 IDCJAC0009,086304,1972,05,01,0.0,,Y                                             
         123
         124
1972
 IDCJAC0009,086304,1972,05,02,0.0,,Y                                             
         124
         125
1972
 IDCJAC0009,086304,1972,05,03,0.0,,Y                                             
         125
         126
1972
 IDCJAC0009,086304,1972,05,04,0.0,,Y                                             
         126
         127
1972
 IDCJAC0009,086304,1972,05,05,0.0,,Y                                             
         127
         128
1972
 IDCJAC0009,086304,1972,05,06,0.0,,Y                                             
         128
         129
1972
 IDCJAC0009,086304,1972,05,07,0.0,,Y                                             
         129
         130
1972
 IDCJAC0009,086304,1972,05,08,0.0,,Y                                             
         130
         131
1972
 IDCJAC0009,086304,1972,05,09,0.0,,Y                                             
         131
         132
1972
 IDCJAC0009,086304,1972,05,10,1.8,1,Y                                            
         132
         133
1972
 IDCJAC0009,086304,1972,05,11,0.0,,Y                                             
         133
         134
1972
 IDCJAC0009,086304,1972,05,12,0.8,1,Y                                            
         134
         135
1972
 IDCJAC0009,086304,1972,05,13,0.0,,Y                                             
         135
         136
1972
 IDCJAC0009,086304,1972,05,14,,,                                                 
         136
         137
1972
 IDCJAC0009,086304,1972,05,15,2.3,2,Y                                            
         137
         138
1972
 IDCJAC0009,086304,1972,05,16,4.1,1,Y                                            
         138
         139
1972
 IDCJAC0009,086304,1972,05,17,3.3,1,Y                                            
         139
         140
1972
 IDCJAC0009,086304,1972,05,18,0.0,,Y                                             
         140
         141
1972
 IDCJAC0009,086304,1972,05,19,,,                                                 
         141
         142
1972
 IDCJAC0009,086304,1972,05,20,,,                                                 
         142
         143
1972
 IDCJAC0009,086304,1972,05,21,,,                                                 
         143
         144
1972
 IDCJAC0009,086304,1972,05,22,19.6,4,Y                                           
         144
         145
1972
 IDCJAC0009,086304,1972,05,23,1.0,1,Y                                            
         145
         146
1972
 IDCJAC0009,086304,1972,05,24,1.8,1,Y                                            
         146
         147
1972
 IDCJAC0009,086304,1972,05,25,0.0,,Y                                             
         147
         148
1972
 IDCJAC0009,086304,1972,05,26,0.0,,Y                                             
         148
         149
1972
 IDCJAC0009,086304,1972,05,27,0.0,,Y                                             
         149
         150
1972
 IDCJAC0009,086304,1972,05,28,0.0,,Y                                             
         150
         151
1972
 IDCJAC0009,086304,1972,05,29,0.0,,Y                                             
         151
         152
1972
 IDCJAC0009,086304,1972,05,30,0.0,,Y                                             
         152
         153
1972
 IDCJAC0009,086304,1972,05,31,0.0,,Y                                             
         153
         154
1972
 IDCJAC0009,086304,1972,06,01,0.0,,Y                                             
         154
         155
1972
 IDCJAC0009,086304,1972,06,02,0.0,,Y                                             
         155
         156
1972
 IDCJAC0009,086304,1972,06,03,0.0,,Y                                             
         156
         157
1972
 IDCJAC0009,086304,1972,06,04,0.0,,Y                                             
         157
         158
1972
 IDCJAC0009,086304,1972,06,05,0.0,,Y                                             
         158
         159
1972
 IDCJAC0009,086304,1972,06,06,0.0,,Y                                             
         159
         160
1972
 IDCJAC0009,086304,1972,06,07,0.0,,Y                                             
         160
         161
1972
 IDCJAC0009,086304,1972,06,08,0.0,,Y                                             
         161
         162
1972
 IDCJAC0009,086304,1972,06,09,0.0,,Y                                             
         162
         163
1972
 IDCJAC0009,086304,1972,06,10,,,                                                 
         163
         164
1972
 IDCJAC0009,086304,1972,06,11,,,                                                 
         164
         165
1972
 IDCJAC0009,086304,1972,06,12,,,                                                 
         165
         166
1972
 IDCJAC0009,086304,1972,06,13,1.3,4,Y                                            
         166
         167
1972
 IDCJAC0009,086304,1972,06,14,0.0,,Y                                             
         167
         168
1972
 IDCJAC0009,086304,1972,06,15,0.0,,Y                                             
         168
         169
1972
 IDCJAC0009,086304,1972,06,16,0.0,,Y                                             
         169
         170
1972
 IDCJAC0009,086304,1972,06,17,0.0,,Y                                             
         170
         171
1972
 IDCJAC0009,086304,1972,06,18,0.0,,Y                                             
         171
         172
1972
 IDCJAC0009,086304,1972,06,19,0.0,,Y                                             
         172
         173
1972
 IDCJAC0009,086304,1972,06,20,0.0,,Y                                             
         173
         174
1972
 IDCJAC0009,086304,1972,06,21,2.5,1,Y                                            
         174
         175
1972
 IDCJAC0009,086304,1972,06,22,0.0,,Y                                             
         175
         176
1972
 IDCJAC0009,086304,1972,06,23,0.0,,Y                                             
         176
         177
1972
 IDCJAC0009,086304,1972,06,24,0.0,,Y                                             
         177
         178
1972
 IDCJAC0009,086304,1972,06,25,0.0,,Y                                             
         178
         179
1972
 IDCJAC0009,086304,1972,06,26,0.0,,Y                                             
         179
         180
1972
 IDCJAC0009,086304,1972,06,27,6.4,1,Y                                            
         180
         181
1972
 IDCJAC0009,086304,1972,06,28,0.0,,Y                                             
         181
         182
1972
 IDCJAC0009,086304,1972,06,29,0.0,,Y                                             
         182
         183
1972
 IDCJAC0009,086304,1972,06,30,0.0,,Y                                             
         183
         184
1972
 IDCJAC0009,086304,1972,07,01,0.0,,Y                                             
         184
         185
1972
 IDCJAC0009,086304,1972,07,02,0.0,,Y                                             
         185
         186
1972
 IDCJAC0009,086304,1972,07,03,0.0,,Y                                             
         186
         187
1972
 IDCJAC0009,086304,1972,07,04,1.3,1,Y                                            
         187
         188
1972
 IDCJAC0009,086304,1972,07,05,3.6,1,Y                                            
         188
         189
1972
 IDCJAC0009,086304,1972,07,06,3.0,1,Y                                            
         189
         190
1972
 IDCJAC0009,086304,1972,07,07,1.3,1,Y                                            
         190
         191
1972
 IDCJAC0009,086304,1972,07,08,7.1,1,Y                                            
         191
         192
1972
 IDCJAC0009,086304,1972,07,09,,,                                                 
         192
         193
1972
 IDCJAC0009,086304,1972,07,10,1.5,2,Y                                            
         193
         194
1972
 IDCJAC0009,086304,1972,07,11,1.8,1,Y                                            
         194
         195
1972
 IDCJAC0009,086304,1972,07,12,5.8,1,Y                                            
         195
         196
1972
 IDCJAC0009,086304,1972,07,13,0.0,,Y                                             
         196
         197
1972
 IDCJAC0009,086304,1972,07,14,1.3,1,Y                                            
         197
         198
1972
 IDCJAC0009,086304,1972,07,15,2.8,1,Y                                            
         198
         199
1972
 IDCJAC0009,086304,1972,07,16,,,                                                 
         199
         200
1972
 IDCJAC0009,086304,1972,07,17,4.1,2,Y                                            
         200
         201
1972
 IDCJAC0009,086304,1972,07,18,0.0,,Y                                             
         201
         202
1972
 IDCJAC0009,086304,1972,07,19,0.0,,Y                                             
         202
         203
1972
 IDCJAC0009,086304,1972,07,20,5.3,1,Y                                            
         203
         204
1972
 IDCJAC0009,086304,1972,07,21,0.0,,Y                                             
         204
         205
1972
 IDCJAC0009,086304,1972,07,22,0.0,,Y                                             
         205
         206
1972
 IDCJAC0009,086304,1972,07,23,0.0,,Y                                             
         206
         207
1972
 IDCJAC0009,086304,1972,07,24,0.0,,Y                                             
         207
         208
1972
 IDCJAC0009,086304,1972,07,25,0.0,,Y                                             
         208
         209
1972
 IDCJAC0009,086304,1972,07,26,0.8,1,Y                                            
         209
         210
1972
 IDCJAC0009,086304,1972,07,27,0.0,,Y                                             
         210
         211
1972
 IDCJAC0009,086304,1972,07,28,0.0,,Y                                             
         211
         212
1972
 IDCJAC0009,086304,1972,07,29,0.0,,Y                                             
         212
         213
1972
 IDCJAC0009,086304,1972,07,30,0.0,,Y                                             
         213
         214
1972
 IDCJAC0009,086304,1972,07,31,0.0,,Y                                             
         214
         215
1972
 IDCJAC0009,086304,1972,08,01,0.0,,Y                                             
         215
         216
1972
 IDCJAC0009,086304,1972,08,02,0.0,,Y                                             
         216
         217
1972
 IDCJAC0009,086304,1972,08,03,0.3,1,Y                                            
         217
         218
1972
 IDCJAC0009,086304,1972,08,04,0.0,,Y                                             
         218
         219
1972
 IDCJAC0009,086304,1972,08,05,,,                                                 
         219
         220
1972
 IDCJAC0009,086304,1972,08,06,,,                                                 
         220
         221
1972
 IDCJAC0009,086304,1972,08,07,12.2,3,Y                                           
         221
         222
1972
 IDCJAC0009,086304,1972,08,08,0.0,,Y                                             
         222
         223
1972
 IDCJAC0009,086304,1972,08,09,1.3,1,Y                                            
         223
         224
1972
 IDCJAC0009,086304,1972,08,10,4.6,1,Y                                            
         224
         225
1972
 IDCJAC0009,086304,1972,08,11,0.0,,Y                                             
         225
         226
1972
 IDCJAC0009,086304,1972,08,12,1.3,1,Y                                            
         226
         227
1972
 IDCJAC0009,086304,1972,08,13,,,                                                 
         227
         228
1972
 IDCJAC0009,086304,1972,08,14,0.3,2,Y                                            
         228
         229
1972
 IDCJAC0009,086304,1972,08,15,0.0,,Y                                             
         229
         230
1972
 IDCJAC0009,086304,1972,08,16,0.0,,Y                                             
         230
         231
1972
 IDCJAC0009,086304,1972,08,17,0.0,,Y                                             
         231
         232
1972
 IDCJAC0009,086304,1972,08,18,0.0,,Y                                             
         232
         233
1972
 IDCJAC0009,086304,1972,08,19,0.0,,Y                                             
         233
         234
1972
 IDCJAC0009,086304,1972,08,20,,,                                                 
         234
         235
1972
 IDCJAC0009,086304,1972,08,21,4.1,2,Y                                            
         235
         236
1972
 IDCJAC0009,086304,1972,08,22,0.0,,Y                                             
         236
         237
1972
 IDCJAC0009,086304,1972,08,23,0.0,,Y                                             
         237
         238
1972
 IDCJAC0009,086304,1972,08,24,0.0,,Y                                             
         238
         239
1972
 IDCJAC0009,086304,1972,08,25,0.0,,Y                                             
         239
         240
1972
 IDCJAC0009,086304,1972,08,26,0.0,,Y                                             
         240
         241
1972
 IDCJAC0009,086304,1972,08,27,0.0,,Y                                             
         241
         242
1972
 IDCJAC0009,086304,1972,08,28,0.0,,Y                                             
         242
         243
1972
 IDCJAC0009,086304,1972,08,29,5.8,1,Y                                            
         243
         244
1972
 IDCJAC0009,086304,1972,08,30,7.4,1,Y                                            
         244
         245
1972
 IDCJAC0009,086304,1972,08,31,1.3,1,Y                                            
         245
         246
1972
 IDCJAC0009,086304,1972,09,01,0.0,,Y                                             
         246
         247
1972
 IDCJAC0009,086304,1972,09,02,0.0,,Y                                             
         247
         248
1972
 IDCJAC0009,086304,1972,09,03,0.0,,Y                                             
         248
         249
1972
 IDCJAC0009,086304,1972,09,04,0.0,,Y                                             
         249
         250
1972
 IDCJAC0009,086304,1972,09,05,0.0,,Y                                             
         250
         251
1972
 IDCJAC0009,086304,1972,09,06,0.0,,Y                                             
         251
         252
1972
 IDCJAC0009,086304,1972,09,07,23.1,1,Y                                           
         252
         253
1972
 IDCJAC0009,086304,1972,09,08,0.0,,Y                                             
         253
         254
1972
 IDCJAC0009,086304,1972,09,09,,,                                                 
         254
         255
1972
 IDCJAC0009,086304,1972,09,10,,,                                                 
         255
         256
1972
 IDCJAC0009,086304,1972,09,11,3.3,3,Y                                            
         256
         257
1972
 IDCJAC0009,086304,1972,09,12,0.0,,Y                                             
         257
         258
1972
 IDCJAC0009,086304,1972,09,13,2.5,1,Y                                            
         258
         259
1972
 IDCJAC0009,086304,1972,09,14,0.5,1,Y                                            
         259
         260
1972
 IDCJAC0009,086304,1972,09,15,0.0,,Y                                             
         260
         261
1972
 IDCJAC0009,086304,1972,09,16,0.0,,Y                                             
         261
         262
1972
 IDCJAC0009,086304,1972,09,17,0.0,,Y                                             
         262
         263
1972
 IDCJAC0009,086304,1972,09,18,0.0,,Y                                             
         263
         264
1972
 IDCJAC0009,086304,1972,09,19,0.0,,Y                                             
         264
         265
1972
 IDCJAC0009,086304,1972,09,20,0.0,,Y                                             
         265
         266
1972
 IDCJAC0009,086304,1972,09,21,0.0,,Y                                             
         266
         267
1972
 IDCJAC0009,086304,1972,09,22,0.0,,Y                                             
         267
         268
1972
 IDCJAC0009,086304,1972,09,23,0.0,,Y                                             
         268
         269
1972
 IDCJAC0009,086304,1972,09,24,0.0,,Y                                             
         269
         270
1972
 IDCJAC0009,086304,1972,09,25,0.0,,Y                                             
         270
         271
1972
 IDCJAC0009,086304,1972,09,26,0.0,,Y                                             
         271
         272
1972
 IDCJAC0009,086304,1972,09,27,0.0,,Y                                             
         272
         273
1972
 IDCJAC0009,086304,1972,09,28,0.0,,Y                                             
         273
         274
1972
 IDCJAC0009,086304,1972,09,29,0.0,,Y                                             
         274
         275
1972
 IDCJAC0009,086304,1972,09,30,0.0,,Y                                             
         275
         276
1972
 IDCJAC0009,086304,1972,10,01,0.0,,Y                                             
         276
         277
1972
 IDCJAC0009,086304,1972,10,02,0.0,,Y                                             
         277
         278
1972
 IDCJAC0009,086304,1972,10,03,0.0,,Y                                             
         278
         279
1972
 IDCJAC0009,086304,1972,10,04,15.2,1,Y                                           
         279
         280
1972
 IDCJAC0009,086304,1972,10,05,0.0,,Y                                             
         280
         281
1972
 IDCJAC0009,086304,1972,10,06,5.8,1,Y                                            
         281
         282
1972
 IDCJAC0009,086304,1972,10,07,0.0,,Y                                             
         282
         283
1972
 IDCJAC0009,086304,1972,10,08,0.0,,Y                                             
         283
         284
1972
 IDCJAC0009,086304,1972,10,09,0.0,,Y                                             
         284
         285
1972
 IDCJAC0009,086304,1972,10,10,0.8,1,Y                                            
         285
         286
1972
 IDCJAC0009,086304,1972,10,11,5.3,1,Y                                            
         286
         287
1972
 IDCJAC0009,086304,1972,10,12,10.7,1,Y                                           
         287
         288
1972
 IDCJAC0009,086304,1972,10,13,3.3,1,Y                                            
         288
         289
1972
 IDCJAC0009,086304,1972,10,14,0.0,,Y                                             
         289
         290
1972
 IDCJAC0009,086304,1972,10,15,0.0,,Y                                             
         290
         291
1972
 IDCJAC0009,086304,1972,10,16,0.0,,Y                                             
         291
         292
1972
 IDCJAC0009,086304,1972,10,17,0.0,,Y                                             
         292
         293
1972
 IDCJAC0009,086304,1972,10,18,0.0,,Y                                             
         293
         294
1972
 IDCJAC0009,086304,1972,10,19,0.0,,Y                                             
         294
         295
1972
 IDCJAC0009,086304,1972,10,20,0.3,1,Y                                            
         295
         296
1972
 IDCJAC0009,086304,1972,10,21,0.0,,Y                                             
         296
         297
1972
 IDCJAC0009,086304,1972,10,22,0.0,,Y                                             
         297
         298
1972
 IDCJAC0009,086304,1972,10,23,0.0,,Y                                             
         298
         299
1972
 IDCJAC0009,086304,1972,10,24,0.0,,Y                                             
         299
         300
1972
 IDCJAC0009,086304,1972,10,25,0.5,1,Y                                            
         300
         301
1972
 IDCJAC0009,086304,1972,10,26,0.0,,Y                                             
         301
         302
1972
 IDCJAC0009,086304,1972,10,27,0.0,,Y                                             
         302
         303
1972
 IDCJAC0009,086304,1972,10,28,0.0,,Y                                             
         303
         304
1972
 IDCJAC0009,086304,1972,10,29,0.0,,Y                                             
         304
         305
1972
 IDCJAC0009,086304,1972,10,30,0.0,,Y                                             
         305
         306
1972
 IDCJAC0009,086304,1972,10,31,2.8,1,Y                                            
         306
         307
1972
 IDCJAC0009,086304,1972,11,01,0.0,,Y                                             
         307
         308
1972
 IDCJAC0009,086304,1972,11,02,2.8,1,Y                                            
         308
         309
1972
 IDCJAC0009,086304,1972,11,03,10.9,1,Y                                           
         309
         310
1972
 IDCJAC0009,086304,1972,11,04,0.0,,Y                                             
         310
         311
1972
 IDCJAC0009,086304,1972,11,05,0.0,,Y                                             
         311
         312
1972
 IDCJAC0009,086304,1972,11,06,0.0,,Y                                             
         312
         313
1972
 IDCJAC0009,086304,1972,11,07,0.0,,Y                                             
         313
         314
1972
 IDCJAC0009,086304,1972,11,08,0.0,,Y                                             
         314
         315
1972
 IDCJAC0009,086304,1972,11,09,0.0,,Y                                             
         315
         316
1972
 IDCJAC0009,086304,1972,11,10,8.1,1,Y                                            
         316
         317
1972
 IDCJAC0009,086304,1972,11,11,,,                                                 
         317
         318
1972
 IDCJAC0009,086304,1972,11,12,,,                                                 
         318
         319
1972
 IDCJAC0009,086304,1972,11,13,3.8,3,Y                                            
         319
         320
1972
 IDCJAC0009,086304,1972,11,14,0.0,,Y                                             
         320
         321
1972
 IDCJAC0009,086304,1972,11,15,0.0,,Y                                             
         321
         322
1972
 IDCJAC0009,086304,1972,11,16,0.0,,Y                                             
         322
         323
1972
 IDCJAC0009,086304,1972,11,17,0.0,,Y                                             
         323
         324
1972
 IDCJAC0009,086304,1972,11,18,,,                                                 
         324
         325
1972
 IDCJAC0009,086304,1972,11,19,,,                                                 
         325
         326
1972
 IDCJAC0009,086304,1972,11,20,10.7,3,Y                                           
         326
         327
1972
 IDCJAC0009,086304,1972,11,21,0.0,,Y                                             
         327
         328
1972
 IDCJAC0009,086304,1972,11,22,0.0,,Y                                             
         328
         329
1972
 IDCJAC0009,086304,1972,11,23,0.0,,Y                                             
         329
         330
1972
 IDCJAC0009,086304,1972,11,24,2.5,1,Y                                            
         330
         331
1972
 IDCJAC0009,086304,1972,11,25,2.0,1,Y                                            
         331
         332
1972
 IDCJAC0009,086304,1972,11,26,,,                                                 
         332
         333
1972
 IDCJAC0009,086304,1972,11,27,1.3,2,Y                                            
         333
         334
1972
 IDCJAC0009,086304,1972,11,28,0.0,,Y                                             
         334
         335
1972
 IDCJAC0009,086304,1972,11,29,0.0,,Y                                             
         335
         336
1972
 IDCJAC0009,086304,1972,11,30,0.0,,Y                                             
         336
         337
1972
 IDCJAC0009,086304,1972,12,01,0.0,,Y                                             
         337
         338
1972
 IDCJAC0009,086304,1972,12,02,0.0,,Y                                             
         338
         339
1972
 IDCJAC0009,086304,1972,12,03,0.0,,Y                                             
         339
         340
1972
 IDCJAC0009,086304,1972,12,04,0.0,,Y                                             
         340
         341
1972
 IDCJAC0009,086304,1972,12,05,0.0,,Y                                             
         341
         342
1972
 IDCJAC0009,086304,1972,12,06,0.0,,Y                                             
         342
         343
1972
 IDCJAC0009,086304,1972,12,07,0.5,1,Y                                            
         343
         344
1972
 IDCJAC0009,086304,1972,12,08,0.0,,Y                                             
         344
         345
1972
 IDCJAC0009,086304,1972,12,09,0.0,,Y                                             
         345
         346
1972
 IDCJAC0009,086304,1972,12,10,0.0,,Y                                             
         346
         347
1972
 IDCJAC0009,086304,1972,12,11,0.0,,Y                                             
         347
         348
1972
 IDCJAC0009,086304,1972,12,12,0.0,,Y                                             
         348
         349
1972
 IDCJAC0009,086304,1972,12,13,0.0,,Y                                             
         349
         350
1972
 IDCJAC0009,086304,1972,12,14,0.0,,Y                                             
         350
         351
1972
 IDCJAC0009,086304,1972,12,15,0.0,,Y                                             
         351
         352
1972
 IDCJAC0009,086304,1972,12,16,0.0,,Y                                             
         352
         353
1972
 IDCJAC0009,086304,1972,12,17,0.0,,Y                                             
         353
         354
1972
 IDCJAC0009,086304,1972,12,18,0.0,,Y                                             
         354
         355
1972
 IDCJAC0009,086304,1972,12,19,0.0,,Y                                             
         355
         356
1972
 IDCJAC0009,086304,1972,12,20,0.0,,Y                                             
         356
         357
1972
 IDCJAC0009,086304,1972,12,21,0.0,,Y                                             
         357
         358
1972
 IDCJAC0009,086304,1972,12,22,0.0,,Y                                             
         358
         359
1972
 IDCJAC0009,086304,1972,12,23,0.0,,Y                                             
         359
         360
1972
 IDCJAC0009,086304,1972,12,24,0.0,,Y                                             
         360
         361
1972
 IDCJAC0009,086304,1972,12,25,0.0,,Y                                             
         361
         362
1972
 IDCJAC0009,086304,1972,12,26,0.0,,Y                                             
         362
         363
1972
 IDCJAC0009,086304,1972,12,27,0.0,,Y                                             
         363
         364
1972
 IDCJAC0009,086304,1972,12,28,0.0,,Y                                             
         364
         365
1972
 IDCJAC0009,086304,1972,12,29,0.0,,Y                                             
         365
         366
1972
 IDCJAC0009,086304,1972,12,30,0.0,,Y                                             
         366
         367
1972
 IDCJAC0009,086304,1972,12,31,0.0,,Y                                             
         367
         368
ian@ian-HP-Stream-Notebook-PC-11:~/Downloads/CodeCode$ cat reada.f
       character(len=80) inrec
       character(len=4) year, yearx
       integer io 
       integer reccount 
       logical eof
!       integer n /0/
       integer k
       eof = .false.
       reccount = 0
       io = 0
!       do while(.not.eof)
       open(5,file="IDCJAC0009_086304_1800_Data.csv")
       read(5,9000,iostat=io) inrec
       reccount = reccount + 1
       print *,reccount
       write(6,9003) inrec
!      reccount = reccount + 1
       read(5,9000,iostat=io) inrec
       reccount = reccount + 1
       print *,  reccount
 9000  format(a80)
 9002  format(a4)      
 9003  format(" ",a80)    
       if(io  .lt. 0) eof =.true.
       yearx = year
       write(year,9002) inrec(19:22)
       write(6,9002) inrec(19:22)
!       write(6,9003) inrec
       print *,reccount
        yearx = year

        do while (.not. eof .and. (inrec(19:22 ).eq.yearx))
        write(6,9002) inrec(19:22)
        write(6,9003)  inrec
        print *, reccount
        yearx = inrec(19:22)


        read(5,9000,iostat=io) inrec
        reccount = reccount + 1
        print *,reccount
        if(io .lt.0)eof =.true.
      
       end do
!       print *, reccount
        end program
ian@ian-HP-Stream-Notebook-PC-11:~/Downloads/CodeCode$ sloccount reada.f
Have a non-directory at the top, so creating directory top_dir
Adding /home/ian/Downloads/CodeCode/reada.f to top_dir
Categorizing files.
Finding a working MD5 command....
Found a working MD5 command.
Computing results.


SLOC	Directory	SLOC-by-Language (Sorted)
37      top_dir         fortran=37


Totals grouped by language (dominant language first):
fortran:         37 (100.00%)




Total Physical Source Lines of Code (SLOC)                = 37
Development Effort Estimate, Person-Years (Person-Months) = 0.01 (0.08)
 (Basic COCOMO model, Person-Months = 2.4 * (KSLOC**1.05))
Schedule Estimate, Years (Months)                         = 0.08 (0.94)
 (Basic COCOMO model, Months = 2.5 * (person-months**0.38))
Estimated Average Number of Developers (Effort/Schedule)  = 0.08
Total Estimated Cost to Develop                           = $ 848
 (average salary = $56,286/year, overhead = 2.40).
SLOCCount, Copyright (C) 2001-2004 David A. Wheeler
SLOCCount is Open Source Software/Free Software, licensed under the GNU GPL.
SLOCCount comes with ABSOLUTELY NO WARRANTY, and you are welcome to
redistribute it under certain conditions as specified by the GNU GPL license;
see the documentation for details.
Please credit this data as "generated using David A. Wheeler's 'SLOCCount'."
ian@ian-HP-Stream-Notebook-PC-11:~/Downloads/CodeCode$ 

