ian@debian:~$ f77 SPECGEN.F -o specgen
SPECGEN.F:3:12:

        DO 10 I=1,1200
            1
Warning: Deleted feature: Loop variable at (1) must be integer
ian@debian:~$ ./specgen
  0.841470957    
  0.909297407    
  0.141120002    
 -0.756802499    
 -0.958924294    
 -0.279415488    
  0.656986594    
  0.989358246    
  0.412118495    
 -0.544021130    
 -0.999990225    
 -0.536572933    
  0.420167029    
  0.990607381    
  0.650287867    
 -0.287903309    
 -0.961397469    
 -0.750987232    
  0.149877205    
  0.912945271    
  0.836655617    
  -8.85130931E-03
 -0.846220434    
 -0.905578375    
 -0.132351756    
  0.762558460    
  0.956375957    
  0.270905793    
 -0.663633883    
 -0.988031626    
 -0.404037654    
  0.551426709    
  0.999911845    
  0.529082716    
 -0.428182662    
 -0.991778851    
 -0.643538117    
  0.296368569    
  0.963795364    
  0.745113134    
 -0.158622667    
 -0.916521549    
 -0.831774771    
   1.77019257E-02
  0.850903511    
  0.901788354    
  0.123573124    
 -0.768254638    
 -0.953752637    
 -0.262374848    
  0.670229197    
  0.986627579    
  0.395925164    
 -0.558789074    
 -0.999755144    
 -0.521551013    
  0.436164767    
  0.992872655    
  0.636738002    
 -0.304810613    
 -0.966117799    
 -0.739180684    
  0.167355701    
  0.920026064    
  0.826828659    
  -2.65511535E-02
 -0.855519950    
 -0.897927701    
 -0.114784814    
  0.773890674    
  0.951054633    
  0.253823370    
 -0.676771939    
 -0.985146284    
 -0.387781650    
  0.566107631    
  0.999520183    
  0.513978481    
 -0.444112659    
 -0.993888676    
 -0.629887998    
  0.313228786    
  0.968364477    
  0.733190298    
 -0.176075622    
 -0.923458457    
 -0.821817815    
   3.53983045E-02
  0.860069394    
  0.893996656    
  0.105987512    
 -0.779466093    
 -0.948282123    
 -0.245251983    
  0.683261693    
  0.983587742    
  0.379607737    
 -0.573381901    
 -0.999206841    
 -0.506365657    
  0.452025801    
  0.994826794    
  0.622988641    
 -0.321622401    
 -0.970535278    
 -0.727142513    
  0.184781745    
  0.926818490    
  0.816742599    
  -4.42426763E-02
 -0.864551425    
 -0.889995575    
  -9.71819088E-02
  0.784980416    
  0.945435345    
  0.236661389    
 -0.689697921    
 -0.981952190    
 -0.371404111    
  0.580611169    
  0.998815238    
  0.498713166    
 -0.459903479    
 -0.995687008    
 -0.616040468    
  0.329990834    
  0.972630084    
  0.721037686    
 -0.193473399    
 -0.930105925    
 -0.811603367    
   5.30835874E-02
  0.868965745    
  0.885924816    
   8.83686841E-02
 -0.790433228    
 -0.942514479    
 -0.228052258    
  0.696080148    
  0.980239630    
  0.363171369    
 -0.587795019    
 -0.998345375    
 -0.491021603    
  0.467745155    
  0.996469200    
  0.609044015    
 -0.338333398    
 -0.974648654    
 -0.714876413    
  0.202149883    
  0.933320522    
  0.806400597    
  -6.19203374E-02
 -0.873311996    
 -0.881784618    
  -7.95485452E-02
  0.795824111    
  0.939519703    
  0.219425261    
 -0.702407777    
 -0.978450358    
 -0.354910165    
  0.594932795    
  0.997797251    
  0.483291566    
 -0.475550175    
 -0.997173309    
 -0.601999879    
  0.346649468    
  0.976590872    
  0.708659112    
 -0.210810527    
 -0.936461985    
 -0.801134586    
   7.07522333E-02
  0.877589762    
  0.877575338    
   7.07221702E-02
 -0.801152647    
 -0.936451375    
 -0.210781068    
  0.708680391    
  0.976584375    
  0.346621186    
 -0.602023959    
 -0.997171044    
 -0.475523680    
  0.483317941    
  0.997799277    
  0.594908535    
 -0.354938358    
 -0.978456557    
 -0.702386320    
  0.219454661    
  0.939530075    
  0.795805871    
  -7.95785934E-02
 -0.881798863    
 -0.873297274    
  -6.18902519E-02
  0.806418419    
  0.933309674    
  0.202120364    
 -0.714897513    
 -0.974641919    
 -0.338305026    
  0.609067917    
  0.996466637    
  0.467718512    
 -0.491047859    
 -0.998347104    
 -0.587770641    
  0.363199443    
  0.980245650    
  0.696058512    
 -0.228081614    
 -0.942524552    
 -0.790414751    
   8.83987099E-02
  0.885938823    
  0.868950844    
   5.30534871E-02
 -0.811621010    
 -0.930094898    
 -0.193443820    
  0.721058607    
  0.972623050    
  0.329962373    
 -0.616064191    
 -0.995684206    
 -0.459876716    
  0.498739272    
  0.998816669    
  0.580586612    
 -0.371432096    
 -0.981957853    
 -0.689676106    
  0.236690685    
  0.945445180    
  0.784961700    
  -9.72119048E-02
 -0.890009344    
 -0.864536285    
  -4.42125648E-02
  0.816760004    
  0.926807165    
  0.184752122    
 -0.727163196    
 -0.970528007    
 -0.321593851    
  0.623012185    
  0.994823754    
  0.451998889    
 -0.506391644    
 -0.999208033    
 -0.573357165    
  0.379635632    
  0.983593166    
  0.683239698    
 -0.245281205    
 -0.948291719    
 -0.779447198    
  0.106017485    
  0.894010186    
  0.860054016    
   3.53681780E-02
 -0.821834981    
 -0.923446894    
 -0.176045939    
  0.733210802    
  0.968356967    
  0.313200146    
 -0.629911423    
 -0.993885338    
 -0.444085658    
  0.514004290    
  0.999521077    
  0.566082776    
 -0.387809426    
 -0.985151410    
 -0.676749766    
  0.253852516    
  0.951063991    
  0.773871601    
 -0.114814758    
 -0.897940934    
 -0.855504394    
  -2.65210196E-02
  0.826845646    
  0.920014203    
  0.167325988    
 -0.739201009    
 -0.966109991    
 -0.304781914    
  0.636761248    
  0.992869079    
  0.436137617    
 -0.521576703    
 -0.999755859    
 -0.558764040    
  0.395952821    
  0.986632526    
  0.670206785    
 -0.262403935    
 -0.953761697    
 -0.768235385    
  0.123603038    
  0.901801348    
  0.850887716    
   1.76717862E-02
 -0.831791461    
 -0.916509509    
 -0.158592910    
  0.745133281    
  0.963787377    
  0.296339780    
 -0.643561184    
 -0.991774976    
 -0.428155422    
  0.529108286    
  0.999912262    
  0.551401556    
 -0.404065222    
 -0.988036275    
 -0.663611352    
  0.270934820    
  0.956384718    
  0.762538970    
 -0.132381633    
 -0.905591130    
 -0.846204340    
  -8.82116612E-03
  0.836672127    
  0.912932932    
  0.149847403    
 -0.751007140    
 -0.961389184    
 -0.287874460    
  0.650310755    
  0.990603209    
  0.420139670    
 -0.536598384    
 -0.999990344    
 -0.543995798    
  0.412145942    
  0.989362657    
  0.656963885    
 -0.279444456    
 -0.958932817    
 -0.756782770    
  0.141149849    
  0.909309983    
  0.841454685    
  -3.01443542E-05
 -0.841487288    
 -0.909284890    
 -0.141090170    
  0.756822169    
  0.958915710    
  0.279386550    
 -0.657009304    
 -0.989353836    
 -0.412091017    
  0.544046402    
  0.999990046    
  0.536547482    
 -0.420194387    
 -0.990611494    
 -0.650264919    
  0.287932187    
  0.961405814    
  0.750967324    
 -0.149907008    
 -0.912957549    
 -0.836639106    
   8.88145249E-03
  0.846236467    
  0.905565560    
  0.132321864    
 -0.762577951    
 -0.956367135    
 -0.270876765    
  0.663656414    
  0.988026977    
  0.404010057    
 -0.551451802    
 -0.999911487    
 -0.529057086    
  0.428209901    
  0.991782725    
  0.643515050    
 -0.296397358    
 -0.963803411    
 -0.745093048    
  0.158652425    
  0.916533589    
  0.831758022    
  -1.77320652E-02
 -0.850919366    
 -0.901775301    
 -0.123543210    
  0.768273950    
  0.953743577    
  0.262345761    
 -0.670251548    
 -0.986622691    
 -0.395897478    
  0.558814049    
  0.999754488    
  0.521525264    
 -0.436191887    
 -0.992876232    
 -0.636714756    
  0.304839343    
  0.966125548    
  0.739160419    
 -0.167385414    
 -0.920037866    
 -0.826811731    
   2.65812874E-02
  0.855535567    
  0.897914410    
  0.114754871    
 -0.773909748    
 -0.951045334    
 -0.253794193    
  0.676794171    
  0.985141098    
  0.387753844    
 -0.566132486    
 -0.999519229    
 -0.513952613    
  0.444139689    
  0.993891954    
  0.629864573    
 -0.313257396    
 -0.968371987    
 -0.733169794    
  0.176105291    
  0.923470020    
  0.821800649    
  -3.54284272E-02
 -0.860084772    
 -0.893983185    
 -0.105957538    
  0.779484928    
  0.948272586    
  0.245222762    
 -0.683283746    
 -0.983582318    
 -0.379579842    
  0.573406577    
  0.999205649    
  0.506339669    
 -0.452052683    
 -0.994829834    
 -0.622965038    
  0.321650952    
  0.970542550    
  0.727121830    
 -0.184811369    
 -0.926829815    
 -0.816725194    
   4.42727916E-02
  0.864566624    
  0.889981866    
   9.71519053E-02
 -0.784999073    
 -0.945425510    
 -0.236632109    
  0.689719796    
  0.981946468    
  0.371376127    
 -0.580635726    
 -0.998813748    
 -0.498687029    
  0.459930271    
  0.995689809    
  0.616016686    
 -0.330019295    
 -0.972637057    
 -0.721016824    
  0.193502963    
  0.930117011    
  0.811585784    
  -5.31136878E-02
 -0.868980646    
 -0.885910809    
  -8.83386582E-02
  0.790451646    
  0.942504406    
  0.228022903    
 -0.696101785    
 -0.980233669    
 -0.363143265    
  0.587819397    
  0.998343647    
  0.490995347    
 -0.467771798    
 -0.996471703    
 -0.609020114    
  0.338361770    
  0.974655390    
  0.714855373    
 -0.202179402    
 -0.933331370    
 -0.806382775    
   6.19504228E-02
  0.873326659    
  0.881770372    
   7.95184970E-02
 -0.795842350    
 -0.939509392    
 -0.219395846    
  0.702429235    
  0.978444099    
  0.354882002    
 -0.594956994    
 -0.997795284    
 -0.483265162    
  0.475576699    
  0.997175574    
  0.601975799    
 -0.346677721    
 -0.976597369    
 -0.708637893    
  0.210840002    
  0.936472535    
  0.801116526    
  -7.07823038E-02
 -0.877604246    
 -0.877560854    
  -7.06920996E-02
  0.801170647    
  0.936440825    
  0.210751593    
 -0.708701670    
 -0.976577878    
 -0.346592903    
  0.602047980    
  0.997168779    
  0.475497156    
 -0.483344346    
 -0.997801304    
 -0.594884336    
  0.354966551    
  0.978462815    
  0.702364862    
 -0.219484076    
 -0.939540386    
 -0.795787573    
   7.96086416E-02
  0.881813049    
  0.873282611    
   6.18601628E-02
 -0.806436241    
 -0.933298886    
 -0.202090830    
  0.714918613    
  0.974635184    
  0.338276654    
 -0.609091818    
 -0.996464133    
 -0.467691869    
  0.491074115    
  0.998348832    
  0.587746203    
 -0.363227546    
 -0.980251610    
 -0.696036816    
  0.228110954    
  0.942534626    
  0.790396273    
  -8.84287357E-02
 -0.885952771    
 -0.868935943    
  -5.30233830E-02
  0.811638594    
  0.930083811    
  0.193414241    
 -0.721079469    
 -0.972616076    
 -0.329933912    
  0.616087973    
  0.995681405    
  0.459849954    
 -0.498765409    
 -0.998818159    
 -0.580562115    
  0.371460080    
  0.981963575    
  0.689654291    
 -0.236719966    
 -0.945454955    
 -0.784943044    
   9.72419083E-02
  0.890023112    
  0.864521146    
   4.41824496E-02
 -0.816777408    
 -0.926795840    
 -0.184722498    
  0.727183878    
  0.970520735    
  0.321565330    
 -0.623035789    
 -0.994820654    
 -0.451972008    
  0.506417632    
  0.999209225    
  0.573332489    
 -0.379663527    
 -0.983598650    
 -0.683217704    
  0.245310426    
  0.948301256    
  0.779428303    
 -0.106047459    
 -0.894023657    
 -0.860038638    
  -3.53380516E-02
  0.821852207    
  0.923435330    
  0.176016271    
 -0.733231306    
 -0.968349397    
 -0.313171536    
  0.629934847    
  0.993882000    
  0.444058657    
 -0.514030159    
 -0.999522030    
 -0.566057920    
  0.387837201    
  0.985156596    
  0.676727593    
 -0.253881663    
 -0.951073289    
 -0.773852527    
  0.114844702    
  0.897954226    
  0.855488777    
   2.64908858E-02
 -0.826862574    
 -0.920002401    
 -0.167296261    
  0.739221275    
  0.966102183    
  0.304753214    
 -0.636784494    
 -0.992865443    
 -0.436110497    
  0.521602452    
  0.999756515    
  0.558739066    
 -0.395980507    
 -0.986637414    
 -0.670184433    
  0.262433022    
  0.953770757    
  0.768216074    
 -0.123632953    
 -0.901814401    
 -0.850871861    
  -1.76416449E-02
  0.831808209    
  0.916497409    
  0.158563137    
 -0.745153368    
 -0.963779330    
 -0.296310991    
  0.643584251    
  0.991771162    
  0.428128183    
 -0.529133856    
 -0.999912679    
 -0.551376402    
  0.404092789    
  0.988040924    
  0.663588762    
 -0.270963818    
 -0.956393540    
 -0.762519419    
  0.132411510    
  0.905603945    
  0.846188307    
   8.79102293E-03
 -0.836688638    
 -0.912920654    
 -0.149817601    
  0.751027048    
  0.961380899    
  0.287845582    
 -0.650333643    
 -0.990599096    
 -0.420112342    
  0.536623776    
  0.999990463    
  0.543970525    
 -0.412173420    
 -0.989367008    
 -0.656941175    
  0.279473394    
  0.958941400    
  0.756763101    
 -0.141179696    
 -0.909322500    
 -0.841438413    
   6.02887085E-05
  0.841503561    
  0.909272313    
  0.141060323    
 -0.756841898    
 -0.958907187    
 -0.279357612    
  0.657032073    
  0.989349484    
  0.412063539    
 -0.544071674    
 -0.999989927    
 -0.536522031    
  0.420221746    
  0.990615606    
  0.650242031    
 -0.287961066    
 -0.961414099    
 -0.750947416    
  0.149936810    
  0.912969828    
  0.836622596    
  -8.91159568E-03
 -0.846252501    
 -0.905552804    
 -0.132291988    
  0.762597442    
  0.956358314    
  0.270847768    
 -0.663679004    
 -0.988022327    
 -0.403982490    
  0.551476955    
  0.999911070    
  0.529031515    
 -0.428237140    
 -0.991786540    
 -0.643491983    
  0.296426147    
  0.963811457    
  0.745072961    
 -0.158682197    
 -0.916545689    
 -0.831741273    
   1.77622046E-02
  0.850935221    
  0.901762307    
  0.123513296    
 -0.768293262    
 -0.953734517    
 -0.262316674    
  0.670273900    
  0.986617744    
  0.395869792    
 -0.558839023    
 -0.999753833    
 -0.521499574    
  0.436219007    
  0.992879808    
  0.636691511    
 -0.304868042    
 -0.966133356    
 -0.739140093    
  0.167415142    
  0.920049667    
  0.826794744    
  -2.66114213E-02
 -0.855551183    
 -0.897901118    
 -0.114724927    
  0.773928881    
  0.951036036    
  0.253765047    
 -0.676816344    
 -0.985135913    
 -0.387726068    
  0.566157341    
  0.999518275    
  0.513926744    
 -0.444166690    
 -0.993895292    
 -0.629841149    
  0.313286036    
  0.968379498    
  0.733149350    
 -0.176134974    
 -0.923481584    
 -0.821783483    
   3.54585536E-02
  0.860100150    
  0.893969655    
  0.105927564    
 -0.779503822    
 -0.948262990    
 -0.245193541    
  0.683305740    
  0.983576894    
  0.379551977    
 -0.573431253    
 -0.999204457    
 -0.506313682    
  0.452079564    
  0.994832933    
  0.622941494    
 -0.321679503    
 -0.970549822    
 -0.727101088    
  0.184840992    
  0.926841140    
  0.816707790    
  -4.43029068E-02
 -0.864581764    
 -0.889968097    
  -9.71219018E-02
  0.785017729    
  0.945415676    
  0.236602813    
 -0.689741611    
 -0.981940746    
 -0.371348113    
  0.580660284    
  0.998812318    
  0.498660892    
 -0.459957033    
 -0.995692551    
 -0.615992963    
  0.330047727    
  0.972644091    
  0.720995963    
 -0.193532541    
 -0.930128098    
 -0.811568141    
   5.31437919E-02
  0.868995607    
  0.885896862    
   8.83086324E-02
 -0.790470123    
 -0.942494333    
 -0.227993563    
  0.696123421    
  0.980227709    
  0.363115191    
 -0.587843776    
 -0.998341918    
 -0.490969062    
  0.467798442    
  0.996474206    
  0.608996212    
 -0.338390142    
 -0.974662125    
 -0.714834273    
  0.202208921    
  0.933342159    
  0.806364954    
  -6.19805120E-02
 -0.873341322    
 -0.881756186    
  -7.94884488E-02
  0.795860589    
  0.939499080    
  0.219366431    
 -0.702450693    
 -0.978437901    
 -0.354853809    
  0.594981253    
  0.997793257    
  0.483238786    
 -0.475603223    
 -0.997177839    
 -0.601951718    
  0.346706003    
  0.976603806    
  0.708616614    
 -0.210869461    
 -0.936483145    
 -0.801098526    
   7.08123744E-02
  0.877618670    
  0.877546430    
   7.06620291E-02
 -0.801188707    
 -0.936430275    
 -0.210722134    
  0.708722949    
  0.976571441    
  0.346564621    
 -0.602072060    
 -0.997166514    
 -0.475470632    
  0.483370721    
  0.997803271    
  0.594860077    
 -0.354994714    
 -0.978469014    
 -0.702343404    
  0.219513491    
  0.939550698    
  0.795769334    
  -7.96386898E-02
 -0.881827295    
 -0.873267949    
  -6.18300773E-02
  0.806454062    
  0.933288038    
  0.202061310    
 -0.714939654    
 -0.974628389    
 -0.338248283    
  0.609115720    
  0.996461570    
  0.467665225    
 -0.491100371    
 -0.998350561    
 -0.587721825    
  0.363255620    
  0.980257571    
  0.696015179    
 -0.228140309    
 -0.942544699    
 -0.790377796    
   8.84587616E-02
  0.885966778    
  0.868920982    
   5.29932827E-02
 -0.811656237    
 -0.930072725    
 -0.193384662    
  0.721100390    
  0.972609043    
  0.329905450    
 -0.616111696    
 -0.995678604    
 -0.459823191    
  0.498791546    
  0.998819649    
  0.580537558    
 -0.371488065    
 -0.981969297    
 -0.689632475    
  0.236749262    
  0.945464790    
  0.784924388    
  -9.72719118E-02
 -0.890036821    
 -0.864506006    
  -4.41523343E-02
  0.816794813    
  0.926784515    
  0.184692875    
 -0.727204561    
 -0.970513463    
 -0.321536779    
  0.623059392    
  0.994817615    
  0.451945126    
 -0.506443620    
 -0.999210417    
 -0.573307753    
  0.379691392    
  0.983604074    
  0.683195651    
 -0.245339662    
 -0.948310852    
 -0.779409409    
  0.106077433    
  0.894037187    
  0.860023260    
   3.53079252E-02
 -0.821869373    
 -0.923423767    
 -0.175986603    
  0.733251810    
  0.968341887    
  0.313142896    
 -0.629958212    
 -0.993878663    
 -0.444031656    
  0.514056027    
  0.999522984    
  0.566033065    
 -0.387864977    
 -0.985161781    
 -0.676705360    
  0.253910840    
  0.951082587    
  0.773833394    
 -0.114874646    
 -0.897967458    
 -0.855473161    
  -2.64607519E-02
  0.826879561    
  0.919990599    
  0.167266548    
 -0.739241600    
 -0.966094434    
 -0.304724485    
  0.636807740    
  0.992861867    
  0.436083376    
 -0.521628141    
 -0.999757171    
 -0.558714032    
  0.396008193    
  0.986642301    
  0.670162082    
 -0.262462109    
 -0.953779817    
 -0.768196762    
  0.123662859    
  0.901827455    
  0.850856006    
   1.76115055E-02
 -0.831824958    
 -0.916485369    
 -0.158533379    
  0.745173454    
  0.963771284    
  0.296282202    
 -0.643607378    
 -0.991767287    
 -0.428100944    
  0.529159427    
  0.999913037    
  0.551351249    
 -0.404120356    
 -0.988045573    
 -0.663566232    
  0.270992845    
  0.956402361    
  0.762499928    
 -0.132441387    
 -0.905616701    
 -0.846172214    
  -8.76087975E-03
  0.836705148    
  0.912908316    
  0.149787799    
 -0.751046956    
 -0.961372614    
 -0.287816703    
  0.650356531    
  0.990594983    
  0.420084983    
 -0.536649227    
 -0.999990582    
 -0.543945253    
  0.412200868    
  0.989371419    
  0.656918406    
 -0.279502332    
 -0.958949924    
 -0.756743371    
  0.141209543    
  0.909335077    
  0.841422141    
  -9.04330591E-05
 -0.841519833    
 -0.909259796    
 -0.141030475    
  0.756861627    
  0.958898604    
  0.279328674    
 -0.657054782    
 -0.989345074    
 -0.412036091    
  0.544097006    
  0.999989808    
  0.536496580    
 -0.420249104    
 -0.990619719    
 -0.650219142    
  0.287989914    
  0.961422384    
  0.750927508    
 -0.149966627    
 -0.912982166    
 -0.836606085    
   8.94173887E-03
  0.846268594    
  0.905539989    
  0.132262111    
 -0.762616932    
 -0.956349492    
 -0.270818740    
  0.663701534    
  0.988017678    
  0.403954923    
 -0.551502109    
 -0.999910653    
 -0.529005945    
  0.428264380    
  0.991790414    
  0.643468916    
 -0.296454936    
 -0.963819504    
 -0.745052814    
  0.158711955    
  0.916557729    
  0.831724524    
  -1.77923441E-02
 -0.850951016    
 -0.901749253    
 -0.123483382    
  0.768312573    
  0.953725457    
  0.262287587    
 -0.670296311    
 -0.986612856    
 -0.395842105    
  0.558864057    
  0.999753177    
  0.521473825    
 -0.436246127    
 -0.992883444    
 -0.636668265    
  0.304896742    
  0.966141105    
  0.739119768    
 -0.167444855    
 -0.920061469    
 -0.826777816    
   2.66415551E-02
  0.855566800    
  0.897887886    
  0.114694975    
 -0.773947954    
 -0.951026678    
 -0.253735900    
  0.676838517    
  0.985130727    
  0.387698263    
 -0.566182196    
 -0.999517381    
 -0.513900876    
  0.444193691    
  0.993898630    
  0.629817724    
 -0.313314676    
 -0.968387008    
 -0.733128846    
  0.176164642    
  0.923493147    
  0.821766317    
  -3.54886800E-02
 -0.860115528    
 -0.893956125    
 -0.105897591    
  0.779522717    
  0.948253453    
  0.245164320    
 -0.683327734    
 -0.983571410    
 -0.379524082    
  0.573455989    
  0.999203205    
  0.506287634    
 -0.452106446    
 -0.994835973    
 -0.622917891    
  0.321708024    
  0.970557094    
  0.727080405    
 -0.184870616    
 -0.926852465    
 -0.816690445    
   4.43330221E-02
  0.864596903    
  0.889954388    
   9.70918983E-02
 -0.785036385    
 -0.945405841    
 -0.236573532    
  0.689763427    
  0.981935084    
  0.371320128    
 -0.580684781    
 -0.998810828    
 -0.498634756    
  0.459983796    
  0.995695353    
  0.615969241    
 -0.330076188    
 -0.972651064    
 -0.720975041    
  0.193562120    
  0.930139184    
  0.811550558    
  -5.31738922E-02
 -0.869010508    
 -0.885882854    
  -8.82786065E-02
ian@debian:~$ cat SPECGEN.F
       REAL I
       open(9,FILE = "SPCTRL.DAT",STATUS="OLD")
       DO 10 I=1,1200
       WRITE(9,9000) SIN(I)
       PRINT *,SIN(I) 
 9000  FORMAT(F12.9)      
 10    CONTINUE
       CLOSE(9)
       END PROGRAM
ian@debian:~$ f77 xspctrm.f -o xspctrm
ian@debian:~$ cat xspctrm.f
          program xspctrm
C                   for routine spctrm
          INTEGER M1, M4
          PARAMETER(M1=16,M4=M1*4)
          INTEGER J, K1
          REAL P1(M1),Q1(M1),W11(M4),W21(M1)
          LOGICAL OVRLAP1
          OPEN(9,FILE="SPCTRL.DAT",STATUS="OLD")
          K1=8
          OVRLAP1 =.TRUE.
          CALL SPCTRM(P1,M1,K1,OVRLAP1,W11,W21)
 !         print *, "              SPECTRUM OF DATA IN FILE SPCTRL.DAT"     
 !         print *,"               OVERLAPPED      " , " NON-OVERLAPPED"
  !        DO 17 J=1,M1 
   !           print *, J, P1(J), Q1(J)
 !17      continue             
          REWIND(9)
          K1=16
          OVRLAP1 = .FALSE.
          CALL SPCTRM(Q1,M1,K1,OVRLAP1,W11,W21)
          CLOSE(9)
          print *, "               SPECTRUM OF DATA IN FILE SPCTRL.DAT"     
          print *,"                OVERLAPPED   " , "    NON-OVERLAPPED"
          DO 11 J=1,M1 
              print *, J, P1(J), Q1(J)
 11       CONTINUE   
          END
          

              SUBROUTINE SPCTRM(P,M,K,OVRLAP,W1,W2)
              LOGICAL OVRLAP
              DIMENSION P(M), W1(4*M), W2(M) 
              INTEGER W3              
              WINDOW(J) = (1.-ABS(((J-1- FACM) * FACP)))
              MM=M+M
              M4=MM + MM
              M44 = M4+4
              M43 = M4+ 3
              DEN =0
              FACM=M-0.5
              FACP=1./(M+0.5)
              SUMW = 0
              DO 11 J =1,MM
                SUMW=SUMW+WINDOW(J)**2
!                print *, SUMW
  11               continue
               DO 12 J=1,M
               P(J)=0
  12           continue              
             IF(OVRLAP) THEN
                
                READ(9,*)(W2(J),J=1,M)
               ENDIF
!               print *,W2
               DO 18 KK = 1, K
                  DO 15 JOFF = -1,0,1
                      IF(OVRLAP) THEN
                 DO 13 J = 1,M
                 W3 = JOFF + J + J
            W1(W3)= W2(J)
 13         CONTINUE
                READ(9,*) (W2(J),J=1,M)
!               PRINT *,W2
                JOFFN= JOFF+ MM
                DO 14 J = 1, M
                   W1(JOFFN+J+J)=W2(J)
 14         CONTINUE              
                ELSE
                        READ(9,*)( W1(J), J = JOFF+2,M4,2)
 !                       print *, W1
                ENDIF
 15         CONTINUE
                DO 16 J=1,MM
                 J2 = J + J
                  W = WINDOW(J)
!                  PRINT *,"W ",W
                  W1(J2) = W1(J2)*W
                  W1(J2 - 1) = W1(J2 - 1)*W
 16         CONTINUE
                 CALL FOUR1(W1,MM,1)
                 P(1) = P(1) + W1(1)  ** 2  + W1(2)**2
                 DO 17 J=2,M
                   J2  = J + J
       P(J)=P(J)+ W1(J2)**2+W1(J2-1)**2+ W1(M44-J2)**2+ 
     *            +W1(M44-J2)**2 +(M43-J2)**2
 17          CONTINUE
                  DEN = DEN+ SUMW
 18           CONTINUE
                  DEN = M4 * DEN
                  DO 19 J =1, M
                      P(J)= P(J)/DEN
 19           CONTINUE
                  RETURN
                  END                 




          SUBROUTINE FOUR1(DATA,NN,ISIGN)
         REAL*8 WR,WI,WPR,WPI,WTEMP,THETA
       DIMENSION DATA(2*NN)
       N=2*NN
!       PRINT *," NN ", NN
       J=1
       DO 11 I=1,N,2
            IF(J.GT.I)THEN
           TEMPR=DATA(J) 
            TEMPI=DATA(J+1)
            DATA(J) =DATA(I)
            DATA(J+1)= DATA(I+1)
            DATA(I)=TEMPR
            DATA(I+1) = TEMPI
        ENDIF
        M=N/2
 1       IF((M.GE. 2 .AND.J.GT.M)) THEN                                                                      
         J=J-M
         M=M/2
        GOTO 1
        J=J-M
        M=M/2
        GOTO 1
        ENDIF
         J=J+M
 11     CONTINUE
        MMAX=2
 2      IF (N .GT.MMAX) THEN
        ISTEP = 2* MMAX
        THETA= 6.28318530717959D0/(ISIGN*MMAX)
        WPR= -2.D0*DSIN(0.5D0*THETA)**2
        WPI = DSIN(THETA)
        WR=1.D0
        WI = 0.D0
        DO 13 M=1,mMAX,2
           DO 12  I=M,N,ISTEP
              J=I+MMAX
              TEMPR=SNGL(WR)*DATA(J)-SNGL(WI)*DATA(J+1)
              TEMPI=SNGL(WR)*DATA(J+1)+ SNGL(WI)*DATA(J)
              DATA(J) = DATA(I)-TEMPR
              DATA(J+1)=DATA(I)-TEMPI
              DATA(I)=DATA(I)+TEMPR
              DATA(I+1)=DATA(I+1)+TEMPI
 12        CONTINUE
           WTEMP= WR
           WR=WR*WPR-WI*WPI+WR
           WI=WI*WPR+WTEMP+WPI+WI
 13        CONTINUE
           MMAX=ISTEP
           GO TO 2 
           ENDIF
           RETURN
           END 

               
        
 
             
     
   
   
 
    
                                                                                                                                                                                 

   
                                                                                                                                                                                          

ian@debian:~$ ./xspctrm
                SPECTRUM OF DATA IN FILE SPCTRL.DAT
                 OVERLAPPED       NON-OVERLAPPED
           1   7.43986311E-05   6.20599312E-05
           2   9.04106426       12.3605738    
           3   7.21405363       8.57124519    
           4   19.7910900       32.6415596    
           5   5.21950817       7.12264967    
           6   92.0155563       110.383797    
           7   9.37350464       10.8075056    
           8   9.17195702       9.32711601    
           9   3.41528893       3.41684294    
          10   15.4081354       15.8150978    
          11   8.22479248       7.11069870    
          12   70.8609619       78.1007309    
          13   3.21203542       3.74270821    
          14   18.4239159       21.5853500    
          15   3.81868005       3.95165849    
          16   13.0839844       20.6659851    
ian@debian:~$ 

